01	01	0	1	1	1	0	0	1
01	01	0	1	1	0	0	0	1
01	02	0	1	1	1	0	1	1
01	02	0	1	1	1	0	1	1
01	03	0	1	1	1	0	1	1
01	03	0	1	1	0	1	0	1
01	04	0	1	1	0	1	0	1
01	05	0	2	1	0	1	0	1
01	06	0	2	1	0	1	0	1
01	07	0	3	1	0	1	0	1
01	08	0	3	1	0	1	0	1
01	09	0	2	1	0	1	0	1
01	10	0	2	1	0	1	0	1
01	11	0	2	1	0	1	0	1
01	12	0	2	1	1	0	0	1
01	13	0	3	1	0	1	0	1
02	07	0	3	2	0	1	0	3
02	19	0	3	2	0	0	1	2
07	01	4	2	1	1	0	1	2
07	01	5	1	1	1	1	0	1
07	01	6	1	1	1	0	1	2
07	01	8	1	1	1	0	0	2
07	01	1	2	1	1	0	1	2
07	01	7	1	1	1	0	1	1
07	02	4	2	2	0	0	1	2
07	02	5	2	2	1	0	1	1
07	02	6	3	2	1	0	1	2
07	02	8	2	2	1	0	0	3
07	02	1	1	2	1	1	1	2
07	02	7	2	2	0	1	1	3
07	03	4	2	1	0	0	1	3
07	03	5	3	2	0	0	1	3
07	03	6	3	2	0	0	1	2
07	03	8	2	2	1	0	0	3
07	03	1	2	2	1	0	1	2
07	03	7	1	1	1	1	0	3
07	04	4	2	2	0	0	1	2
07	04	5	4	2	0	0	0	2
07	04	6	2	2	0	0	1	1
07	04	8	2	2	1	0	0	2
07	04	1	2	2	1	0	1	2
07	04	7	2	1	1	1	1	2
07	04	0	2	2	0	0	0	2
07	05	4	1	1	0	0	1	2
07	05	5	1	1	1	0	1	3
07	05	6	3	2	0	1	1	1
07	05	8	3	2	0	0	1	2
07	05	1	2	2	1	0	1	2
07	05	7	1	1	0	1	1	1
07	06	4	4	3	0	0	1	2
07	06	5	4	2	0	0	0	2
07	06	6	3	1	0	0	1	1
07	06	8	3	2	0	0	1	2
07	06	1	1	2	1	1	1	2
07	06	7	2	2	0	1	0	2
07	07	4	1	1	0	0	1	3
07	07	5	1	3	1	0	0	3
07	07	6	1	1	0	1	1	3
07	07	8	1	1	1	0	1	2
07	07	1	1	2	0	0	0	3
07	07	7	1	1	1	1	1	3
07	08	4	1	1	1	0	1	2
07	08	5	1	1	1	1	1	1
07	08	6	1	1	1	1	1	2
07	08	8	1	1	1	0	1	2
07	08	1	2	1	1	1	1	2
07	08	7	1	1	1	0	1	1
07	09	4	3	2	0	0	1	2
07	09	5	1	2	0	1	1	1
07	09	6	3	2	0	0	1	1
07	09	8	3	2	0	0	1	1
07	09	1	3	2	1	0	1	2
07	09	7	2	2	0	1	0	2
07	10	4	3	1	0	0	1	2
07	10	5	3	2	0	1	0	2
07	10	6	2	1	0	1	1	1
07	10	8	4	2	0	0	0	2
07	10	1	4	2	1	0	1	2
07	10	7	1	1	1	1	0	2
07	11	4	1	2	1	0	1	1
07	11	5	3	2	1	0	1	2
07	11	6	2	2	0	0	1	1
07	11	8	3	2	0	0	1	1
07	11	1	3	2	1	0	1	2
07	11	7	1	1	0	1	0	2
07	12	4	1	1	1	0	1	1
07	12	5	1	1	1	0	1	1
07	12	6	2	1	1	1	1	1
07	12	8	2	2	1	0	1	2
07	12	1	2	2	1	0	1	2
07	12	7	1	1	0	1	1	2
07	13	4	2	3	0	0	1	1
07	13	5	2	2	0	0	1	1
07	13	6	2	2	0	0	1	1
07	13	8	4	2	1	0	0	2
07	13	1	2	2	1	1	1	2
07	13	7	4	2	0	0	0	2
07	14	4	2	1	0	0	1	2
07	14	5	3	1	1	1	0	2
07	14	6	3	2	1	1	0	2
07	14	8	5	2	0	0	0	2
07	14	1	2	2	1	1	0	2
07	14	7	1	1	1	1	0	1
07	15	4	3	1	0	0	1	2
07	15	5	1	1	0	1	0	1
07	15	6	3	2	1	0	0	2
07	15	8	2	1	0	0	1	3
07	15	1	1	1	1	1	1	2
07	15	7	1	1	1	1	0	1
08	01	4	3	2	0	0	1	2
08	01	5	4	2	0	0	0	2
08	01	6	2	1	1	0	1	2
08	01	8	4	3	0	0	1	2
08	01	1	3	2	0	0	1	2
08	01	7	3	2	1	0	0	2
08	02	4	4	2	0	1	0	2
08	02	5	5	2	0	0	0	2
08	02	6	4	2	0	0	1	2
08	02	8	5	2	0	0	0	2
08	02	1	4	2	0	0	1	2
08	02	7	3	1	0	0	1	2
08	03	4	4	2	0	0	1	2
08	03	5	4	2	0	0	0	2
08	03	6	2	2	0	0	1	1
08	03	8	5	2	0	0	0	2
08	03	1	3	2	0	0	0	2
08	03	7	2	1	1	0	0	2
08	04	4	4	2	0	0	1	2
08	04	5	5	2	0	0	0	2
08	04	6	5	2	0	0	0	2
08	04	8	5	2	0	0	0	2
08	04	1	3	2	0	0	1	2
08	04	7	3	2	1	0	0	1
08	05	4	4	2	0	0	1	2
08	05	5	5	2	0	0	0	2
08	05	6	4	2	1	0	0	2
08	05	8	5	2	0	0	0	2
08	05	1	3	2	0	0	1	2
08	05	7	3	2	0	0	0	2
08	06	4	3	3	0	0	0	1
08	06	5	3	2	1	0	0	2
08	06	6	2	2	0	0	1	1
08	06	8	4	2	0	0	0	1
08	06	1	2	2	0	0	1	2
08	06	7	2	2	0	1	0	1
08	07	4	4	2	0	0	1	2
08	07	5	4	2	0	0	0	2
08	07	6	3	2	0	0	1	1
08	07	8	4	2	0	0	0	1
08	07	1	4	2	0	0	1	1
08	07	7	4	2	0	0	0	2
08	08	4	4	2	0	0	0	2
08	08	5	5	2	0	0	0	2
08	08	6	3	2	0	0	1	2
08	08	8	3	2	0	0	0	1
08	08	1	4	2	0	0	0	2
08	08	7	4	2	0	0	0	2
08	09	4	4	2	0	0	0	2
08	09	5	4	1	0	0	0	2
08	09	6	3	2	0	0	1	2
08	09	8	4	2	0	0	0	2
08	09	1	4	2	0	0	1	2
08	09	7	4	2	0	0	0	2
08	10	4	2	3	0	0	0	1
08	10	5	5	2	0	0	0	2
08	10	6	2	3	1	0	1	2
08	10	8	3	2	0	0	0	1
08	10	1	3	2	0	0	0	1
08	10	7	3	2	0	1	0	1
08	11	4	4	2	0	0	0	2
08	11	5	3	3	0	0	0	1
08	11	6	2	3	1	0	1	2
08	11	8	3	2	0	0	0	1
08	11	1	1	2	0	0	1	1
08	11	7	3	3	0	0	0	1
08	12	4	4	2	0	0	0	2
08	12	5	3	2	1	0	0	2
08	12	6	3	2	0	0	0	2
08	12	8	4	2	0	0	0	2
08	12	1	4	2	0	0	0	2
08	12	7	2	3	0	1	0	1
08	13	4	4	2	0	1	0	2
08	13	5	4	2	0	0	0	2
08	13	6	4	2	0	0	0	2
08	13	8	4	2	0	0	0	2
08	13	1	3	2	0	1	1	2
08	13	7	3	2	0	0	0	2
08	14	4	2	3	0	0	0	1
08	14	5	5	2	0	0	0	2
08	14	6	2	3	0	0	1	2
08	14	8	4	2	0	0	0	2
08	14	1	3	2	0	0	1	1
08	14	7	4	2	0	0	0	2
08	15	4	4	3	0	0	0	2
08	15	5	4	2	0	0	0	2
08	15	6	3	2	0	0	1	2
08	15	8	5	2	0	0	0	2
08	15	1	4	2	0	0	1	2
08	15	7	4	2	0	0	0	2
08	16	4	4	2	0	0	1	2
08	16	5	4	2	0	0	0	2
08	16	6	4	2	0	0	0	2
08	16	8	4	2	0	0	0	2
08	16	1	4	2	0	0	0	2
08	16	7	4	2	0	0	0	2
08	17	4	3	1	1	0	0	2
08	17	5	2	2	0	0	1	1
08	17	6	2	1	0	1	1	1
08	17	8	4	2	0	0	0	2
08	17	1	3	2	1	0	1	2
08	17	7	4	2	0	0	0	2
08	18	4	4	2	0	0	0	2
08	18	5	4	2	0	0	0	2
08	18	6	3	2	0	0	1	2
08	18	8	4	2	0	0	0	2
08	18	1	4	2	0	0	1	2
08	18	7	5	2	0	0	0	2
08	19	4	4	2	0	0	0	2
08	19	5	4	3	0	0	0	2
08	19	6	2	3	0	0	1	2
08	19	8	4	2	0	0	0	2
08	19	1	3	2	0	0	1	1
08	19	7	3	2	0	1	0	2
08	20	4	3	3	0	0	1	2
08	20	5	4	3	0	0	0	2
08	20	6	3	3	0	0	1	2
08	20	8	5	2	0	0	0	2
08	20	1	4	2	0	0	1	2
08	20	7	5	2	0	0	0	2
09	01	4	4	2	0	0	0	2
09	01	5	5	2	0	0	0	2
09	01	6	3	2	0	0	1	2
09	01	8	5	2	0	0	0	2
09	01	1	4	2	0	0	0	2
09	01	7	4	2	0	0	0	2
09	02	4	3	1	0	0	1	2
09	02	5	2	1	0	1	0	3
09	02	6	1	1	1	1	1	1
09	02	8	2	1	0	0	1	1
09	02	1	3	1	1	1	1	2
09	02	7	1	1	1	1	1	1
09	03	4	2	1	0	0	1	1
09	03	5	2	1	0	1	0	1
09	03	6	2	1	1	1	1	1
09	03	8	2	2	1	0	0	1
09	03	1	3	2	1	1	0	2
09	03	7	1	1	1	1	0	1
09	04	4	3	2	0	0	0	2
09	04	5	3	1	0	0	0	2
09	04	6	3	1	1	0	1	2
09	04	8	5	2	0	0	0	2
09	04	1	4	2	0	0	0	2
09	04	7	2	2	0	1	0	2
09	05	4	4	2	0	0	0	2
09	05	5	5	2	0	0	0	2
09	05	6	3	2	0	0	0	2
09	05	8	5	2	0	0	0	2
09	05	1	4	2	0	0	0	2
09	05	7	3	2	0	0	0	2
09	06	4	2	1	0	0	0	2
09	06	5	4	2	0	0	0	2
09	06	6	2	2	1	1	1	2
09	06	8	4	2	0	0	0	2
09	06	1	3	2	1	0	1	2
09	06	7	3	2	0	0	0	2
09	07	4	3	2	0	0	1	2
09	07	5	2	1	0	0	1	1
09	07	6	2	1	1	1	0	2
09	07	8	2	2	0	1	0	2
09	07	1	2	2	1	0	1	2
09	07	7	2	1	0	1	0	2
09	08	4	3	2	0	0	1	2
09	08	5	4	1	0	0	0	1
09	08	6	3	2	0	1	0	3
09	08	8	3	2	0	0	0	2
09	08	1	2	2	0	0	0	1
09	08	7	2	2	0	1	0	2
09	09	4	3	3	0	0	1	1
09	09	5	3	2	0	0	0	1
09	09	6	2	3	0	0	0	2
09	09	8	3	2	0	0	0	2
09	09	1	3	3	0	0	1	1
09	09	7	3	2	0	0	0	2
09	10	4	4	2	0	0	0	2
09	10	5	3	2	1	0	0	3
09	10	6	3	2	0	0	0	2
09	10	8	5	2	0	0	0	2
09	10	1	3	2	1	0	1	2
09	10	7	4	2	0	0	0	2
09	11	4	4	2	0	0	0	2
09	11	5	4	2	0	0	0	2
09	11	6	3	2	0	0	1	2
09	11	8	5	2	0	0	0	2
09	11	1	3	2	0	0	0	1
09	11	7	5	2	0	0	0	2
09	12	4	3	3	0	0	0	1
09	12	5	3	2	0	0	0	1
09	12	6	2	3	0	0	1	2
09	12	8	5	2	0	0	0	2
09	12	1	3	2	1	0	0	1
09	12	7	4	2	0	0	0	2
09	13	4	3	2	0	1	1	2
09	13	5	2	2	0	1	0	1
09	13	6	1	1	0	0	1	1
09	13	8	3	2	0	1	0	2
09	13	1	1	2	1	1	0	2
09	13	7	2	2	0	1	0	2
09	14	4	1	3	0	0	0	1
09	14	5	2	2	0	0	0	1
09	14	6	1	3	0	0	1	1
09	14	8	2	2	0	0	0	1
09	14	1	2	2	0	0	0	1
09	14	7	3	2	0	1	0	1
09	15	4	2	3	0	0	0	1
09	15	5	2	1	1	0	0	1
09	15	6	2	3	0	0	1	2
09	15	8	4	2	0	0	0	2
09	15	1	3	2	0	0	0	1
09	15	7	5	2	0	0	0	2
09	16	4	3	2	0	0	0	2
09	16	5	3	2	0	0	0	2
09	16	6	1	3	0	0	1	1
09	16	8	4	2	0	0	0	1
09	16	1	2	2	1	0	1	1
09	16	7	4	2	0	0	0	2
09	17	4	2	2	0	0	1	1
09	17	5	2	1	1	0	0	1
09	17	6	1	3	0	0	1	1
09	17	8	3	2	0	0	0	1
09	17	1	2	2	1	0	0	1
09	17	7	4	2	0	0	0	2
09	18	4	3	2	0	0	1	1
09	18	5	3	2	0	0	0	2
09	18	6	1	1	0	0	1	1
09	18	8	3	2	0	0	0	1
09	18	1	3	2	0	0	0	1
09	18	7	3	2	0	1	0	2
09	19	4	2	3	0	0	1	1
09	19	5	3	2	1	0	0	1
09	19	6	2	3	0	0	1	1
09	19	8	3	2	0	1	0	1
09	19	1	2	2	1	1	0	1
09	19	7	3	2	0	1	0	1
09	20	4	3	2	0	0	1	1
09	20	5	1	2	0	1	1	1
09	20	6	1	3	0	0	0	1
09	20	8	3	2	1	0	0	1
09	20	1	3	2	0	0	0	1
09	20	7	3	2	0	0	0	2
10	01	4	4	2	0	0	0	2
10	01	5	4	2	0	0	0	2
10	01	6	4	2	0	0	0	2
10	01	8	5	2	0	0	0	2
10	01	1	3	2	0	0	1	1
10	01	7	3	2	0	1	0	2
10	02	4	4	2	0	0	0	1
10	02	5	3	2	0	0	0	2
10	02	6	3	1	1	0	0	2
10	02	8	5	2	0	0	0	2
10	02	1	4	2	0	0	1	1
10	02	7	4	2	0	0	0	2
10	03	4	2	1	0	1	0	1
10	03	5	3	1	0	1	0	1
10	03	6	3	2	0	0	1	2
10	03	8	5	2	0	0	0	2
10	03	1	3	2	0	0	1	2
10	03	7	3	2	0	1	0	2
10	04	4	2	3	0	0	1	1
10	04	5	3	2	0	0	1	1
10	04	6	3	2	0	0	0	1
10	04	8	3	2	0	1	0	2
10	04	1	3	2	0	0	1	2
10	04	7	3	2	0	0	0	2
10	05	4	4	2	1	1	0	3
10	05	5	5	2	0	0	0	2
10	05	6	4	2	0	0	0	2
10	05	8	5	2	0	0	0	2
10	05	1	4	2	0	0	0	2
10	05	7	5	2	0	0	0	2
10	06	4	5	2	0	0	0	2
10	06	5	5	2	0	0	0	2
10	06	6	4	2	0	0	0	2
10	06	8	5	2	0	0	0	2
10	06	1	3	2	1	0	1	2
10	06	7	4	2	0	0	0	2
10	07	4	4	2	0	0	0	2
10	07	5	4	2	0	0	0	2
10	07	6	5	2	0	0	0	2
10	07	8	5	2	0	0	0	2
10	07	1	5	2	0	0	0	2
10	07	7	5	2	0	0	0	2
10	08	4	4	3	0	0	0	2
10	08	5	4	2	0	0	1	2
10	08	6	3	2	0	0	0	2
10	08	8	5	2	0	0	0	2
10	08	1	4	2	0	0	1	2
10	08	7	5	2	0	0	0	2
10	09	4	3	2	0	1	0	3
10	09	5	5	2	0	0	0	2
10	09	6	4	2	0	0	0	3
10	09	8	5	2	0	0	0	2
10	09	1	4	2	0	0	1	2
10	09	7	4	2	0	0	0	2
10	10	4	3	2	0	0	1	2
10	10	5	5	2	0	0	0	2
10	10	6	4	2	0	0	0	2
10	10	8	5	2	0	0	0	2
10	10	1	3	2	0	0	1	2
10	10	7	5	2	0	0	0	2
10	11	4	4	2	0	0	0	2
10	11	5	4	2	0	0	1	2
10	11	6	4	2	0	0	0	2
10	11	8	5	2	0	0	0	2
10	11	1	4	2	0	0	0	2
10	11	7	5	2	0	0	0	2
10	12	4	4	2	0	0	0	2
10	12	5	5	2	0	0	0	2
10	12	6	3	2	0	0	1	2
10	12	8	5	2	0	0	0	2
10	12	1	4	2	0	0	0	2
10	12	7	5	2	0	0	0	2
10	13	4	4	2	0	0	0	2
10	13	5	2	1	0	0	0	3
10	13	6	3	1	0	0	1	2
10	13	8	5	2	0	0	0	2
10	13	1	4	2	0	0	1	2
10	13	7	3	1	0	1	0	2
10	14	4	4	2	0	0	0	3
10	14	5	5	2	0	0	0	2
10	14	6	3	2	0	0	0	2
10	14	8	5	2	0	0	0	3
10	14	1	4	2	0	0	0	2
10	14	7	4	2	0	0	0	2
10	15	4	3	2	0	0	0	1
10	15	5	2	3	1	0	0	2
10	15	6	2	2	1	0	1	2
10	15	8	4	2	0	0	0	3
10	15	1	3	2	0	0	1	3
10	15	7	4	2	0	0	0	2
11	01	4	4	3	0	0	0	2
11	01	5	3	2	0	0	1	1
11	01	6	3	2	0	0	0	1
11	01	8	3	2	1	0	0	1
11	01	1	3	2	1	0	0	3
11	01	7	3	2	0	0	0	2
11	02	4	3	2	0	1	0	2
11	02	5	3	3	0	0	0	2
11	02	6	3	2	0	0	0	3
11	02	8	4	2	1	0	0	2
11	02	1	5	2	0	0	0	2
11	02	7	4	2	0	0	0	2
11	03	4	3	2	0	0	0	1
11	03	5	5	2	0	0	0	2
11	03	6	3	2	0	1	0	2
11	03	8	4	2	0	0	0	1
11	03	1	4	2	0	0	0	2
11	03	7	4	2	0	0	0	2
11	04	4	3	2	0	0	0	1
11	04	5	2	3	0	0	1	1
11	04	6	2	2	1	0	0	2
11	04	8	3	2	1	0	0	1
11	04	1	2	2	1	0	1	3
11	04	7	4	2	0	0	0	2
11	05	4	4	2	0	0	1	2
11	05	5	3	3	0	0	1	2
11	05	6	3	3	0	0	1	2
11	05	8	4	2	0	0	0	1
11	05	1	4	2	0	0	1	2
11	05	7	4	2	0	0	0	2
11	06	4	3	1	1	0	1	2
11	06	5	2	1	1	0	0	1
11	06	6	2	1	0	1	1	2
11	06	8	2	1	0	0	0	1
11	06	1	2	1	0	0	1	1
11	06	7	2	1	0	1	0	2
11	07	4	2	2	0	0	1	1
11	07	5	1	2	1	0	1	1
11	07	6	1	1	1	1	1	1
11	07	8	1	2	1	0	0	1
11	07	1	3	2	1	0	1	2
11	07	7	1	2	1	1	0	2
11	08	4	3	3	0	0	1	2
11	08	5	3	3	1	0	0	2
11	08	6	2	2	0	0	0	2
11	08	8	2	2	1	0	0	1
11	08	1	4	2	0	0	1	2
11	08	7	4	2	0	0	0	2
11	09	4	3	3	0	0	1	2
11	09	5	4	2	0	0	0	2
11	09	6	2	2	0	0	0	2
11	09	8	4	2	0	0	0	2
11	09	1	3	2	0	0	1	2
11	09	7	3	2	0	1	0	2
11	10	4	4	2	0	0	0	2
11	10	5	4	1	0	0	1	2
11	10	6	4	2	0	0	0	2
11	10	8	4	2	0	0	0	2
11	10	1	4	2	1	0	0	2
11	10	7	4	2	0	0	0	2
11	11	4	2	3	0	0	0	2
11	11	5	3	3	1	0	0	2
11	11	6	3	2	1	0	0	2
11	11	8	4	2	0	0	0	1
11	11	1	4	2	0	0	0	1
11	11	7	4	2	0	0	0	2
11	12	4	3	1	1	0	0	2
11	12	5	3	2	1	0	0	2
11	12	6	2	1	1	1	1	1
11	12	8	2	1	1	0	1	3
11	12	1	3	2	1	0	0	2
11	12	7	1	1	1	1	1	1
11	13	4	4	2	0	0	0	2
11	13	5	5	2	0	0	0	2
11	13	6	3	2	0	0	0	2
11	13	8	4	2	0	0	0	2
11	13	1	4	2	0	0	0	2
11	13	7	5	2	0	0	0	2
11	14	4	4	2	0	0	0	2
11	14	5	4	2	0	0	0	2
11	14	6	4	2	0	0	0	2
11	14	8	5	2	0	0	0	2
11	14	1	4	2	0	0	0	2
11	14	7	5	2	0	0	0	2
11	15	4	4	2	0	0	0	2
11	15	5	2	2	0	0	1	2
11	15	6	4	2	0	0	0	3
11	15	8	3	2	1	0	1	2
11	15	1	3	2	1	0	0	3
11	15	7	4	2	0	0	0	2
11	16	4	4	2	0	0	0	2
11	16	5	5	2	0	0	0	2
11	16	6	4	2	0	0	0	2
11	16	8	5	2	0	0	0	2
11	16	1	4	2	0	0	0	2
11	16	7	5	2	0	0	0	2
11	17	4	3	2	0	0	0	2
11	17	5	2	2	0	1	0	2
11	17	6	3	3	0	0	0	2
11	17	8	4	2	0	0	0	2
11	17	1	4	2	0	0	0	2
11	17	7	3	2	0	0	0	2
11	18	4	3	2	0	0	1	2
11	18	5	5	2	0	0	0	2
11	18	6	3	3	0	0	0	2
11	18	8	4	2	0	0	0	3
11	18	1	4	2	0	0	0	2
11	18	7	4	2	0	0	0	2
11	19	4	3	2	0	0	1	2
11	19	5	2	1	1	0	0	1
11	19	6	2	1	0	1	0	2
11	19	8	2	1	1	0	1	2
11	19	1	4	2	0	0	1	2
11	19	7	2	1	0	1	0	2
11	20	4	4	2	0	0	0	2
11	20	5	4	2	0	0	0	2
11	20	6	3	2	0	0	0	2
11	20	8	4	2	0	0	0	2
11	20	1	4	2	0	0	0	2
11	20	7	4	2	0	0	0	2
13	01	4	3	2	0	1	0	3
13	01	5	5	2	0	0	0	2
13	01	6	3	1	1	0	0	2
13	01	8	3	2	1	0	0	2
13	01	1	5	2	0	0	0	2
13	01	7	2	1	0	1	0	2
13	02	4	4	2	0	0	0	2
13	02	5	5	2	0	0	0	2
13	02	6	3	2	0	0	1	2
13	02	8	4	2	0	0	0	2
13	02	1	4	2	0	0	1	2
13	02	7	2	2	0	1	0	2
13	03	4	4	2	0	0	0	2
13	03	5	4	1	0	0	0	2
13	03	6	2	2	0	0	1	2
13	03	8	4	2	0	0	0	2
13	03	1	4	2	0	0	0	2
13	03	7	3	2	0	0	0	2
13	04	4	4	2	0	0	0	2
13	04	5	3	2	0	0	1	2
13	04	6	3	2	0	0	0	2
13	04	8	3	2	0	0	0	1
13	04	1	5	2	0	0	0	2
13	04	7	3	2	0	0	0	2
13	05	4	4	2	0	1	0	2
13	05	5	5	2	0	0	0	2
13	05	6	3	2	1	0	0	2
13	05	8	3	2	0	0	0	1
13	05	1	5	2	0	0	0	2
13	05	7	4	2	0	0	0	2
13	06	4	4	2	0	0	0	2
13	06	5	4	2	0	0	0	2
13	06	6	3	2	0	0	0	2
13	06	8	3	2	0	0	0	1
13	06	1	5	2	0	0	0	2
13	06	7	5	2	0	0	0	2
13	07	4	4	3	0	0	0	2
13	07	5	4	2	0	0	0	2
13	07	6	3	2	0	0	0	2
13	07	8	4	2	0	0	0	2
13	07	1	4	2	0	0	0	2
13	07	7	5	2	0	0	0	2
13	08	4	3	2	0	0	1	1
13	08	5	3	3	1	0	0	2
13	08	6	2	2	0	0	1	2
13	08	8	4	2	0	0	0	2
13	08	1	5	2	0	0	0	2
13	08	7	3	2	0	0	0	2
13	09	4	3	2	0	1	0	3
13	09	5	4	2	0	0	0	2
13	09	6	3	2	1	0	1	2
13	09	8	4	2	0	0	0	2
13	09	1	5	2	0	0	0	2
13	09	7	3	2	0	0	0	3
13	10	4	2	2	0	1	1	3
13	10	5	5	2	0	0	0	2
13	10	6	3	2	0	0	0	2
13	10	8	4	2	0	0	0	2
13	10	1	4	2	0	0	1	2
13	10	7	3	2	0	0	0	3
13	11	4	3	2	0	1	0	3
13	11	5	2	2	0	1	0	2
13	11	6	3	2	0	0	0	2
13	11	8	4	2	0	0	0	2
13	11	1	4	2	0	0	0	2
13	11	7	4	2	0	0	0	3
13	12	4	4	2	0	0	0	2
13	12	5	3	2	0	0	1	1
13	12	6	3	2	0	0	0	2
13	12	8	4	2	0	0	0	2
13	12	1	5	2	0	0	0	2
13	12	7	5	2	0	0	0	2
17	01	4	3	2	0	1	0	3
17	01	5	3	1	0	0	0	2
17	01	6	2	1	0	0	0	1
17	01	8	3	2	0	1	0	2
17	01	1	3	2	0	0	1	3
17	01	7	3	2	0	1	0	2
17	02	4	4	2	0	0	0	2
17	02	5	4	2	0	0	0	2
17	02	6	3	2	0	0	0	2
17	02	8	5	2	0	0	0	2
17	02	1	4	2	0	0	0	2
17	02	7	3	2	0	0	0	2
17	03	4	3	2	0	0	0	3
17	03	5	5	2	0	0	0	2
17	03	6	3	2	0	0	0	2
17	03	8	4	2	0	0	0	2
17	03	1	4	2	0	0	1	2
17	03	7	4	2	0	0	0	2
17	04	4	3	2	0	0	0	2
17	04	5	2	1	0	1	1	1
17	04	6	1	3	0	0	1	1
17	04	8	4	2	0	1	0	2
17	04	1	3	2	0	0	1	1
17	04	7	3	2	0	1	0	2
17	05	4	1	3	0	0	0	1
17	05	5	4	2	0	0	0	2
17	05	6	1	3	0	0	1	1
17	05	8	3	2	0	1	0	2
17	05	1	3	2	0	0	1	1
17	05	7	4	2	0	0	0	2
17	06	4	2	3	0	0	1	1
17	06	5	3	2	0	0	1	1
17	06	6	2	2	0	0	1	2
17	06	8	3	2	0	1	0	2
17	06	1	3	2	0	0	1	2
17	06	7	4	2	0	0	0	2
17	07	4	4	2	0	0	0	2
17	07	5	3	3	0	0	1	2
17	07	6	2	2	1	0	0	1
17	07	8	3	2	0	1	0	2
17	07	1	4	2	0	0	0	2
17	07	7	4	2	0	0	0	2
17	08	4	4	2	0	0	1	2
17	08	5	5	2	0	0	0	2
17	08	6	4	2	0	0	0	2
17	08	8	4	2	0	1	0	2
17	08	1	5	2	0	0	0	2
17	08	7	5	2	0	0	0	2
17	09	4	2	2	0	1	0	2
17	09	5	5	2	0	0	0	2
17	09	6	2	2	0	0	1	1
17	09	8	3	2	0	1	0	2
17	09	1	3	2	0	0	1	2
17	09	7	4	2	0	0	0	2
17	10	4	4	2	0	0	0	2
17	10	5	3	2	0	0	0	1
17	10	6	2	2	0	0	1	2
17	10	8	3	2	0	1	0	2
17	10	1	4	2	0	0	0	2
17	10	7	3	2	0	1	0	2
17	11	4	3	2	0	1	0	2
17	11	5	5	2	0	0	0	2
17	11	6	4	2	0	0	0	3
17	11	8	3	2	0	1	0	2
17	11	1	5	2	0	0	0	2
17	11	7	4	2	0	0	0	2
17	12	4	4	2	0	0	0	2
17	12	5	5	2	0	0	0	2
17	12	6	4	2	0	0	0	2
17	12	8	4	2	0	0	0	2
17	12	1	4	2	0	0	1	3
17	12	7	5	2	0	0	0	2
17	13	4	4	2	0	0	0	3
17	13	5	4	2	0	0	0	2
17	13	6	3	2	0	0	0	2
17	13	8	3	2	0	1	0	1
17	13	1	5	2	0	0	0	2
17	13	7	5	2	0	0	0	2
17	14	4	3	2	0	0	1	2
17	14	5	3	2	0	0	0	2
17	14	6	3	3	0	0	0	2
17	14	8	3	2	0	1	0	2
17	14	1	4	2	0	0	1	2
17	14	7	4	2	0	0	0	2
17	15	4	4	2	0	0	0	2
17	15	5	4	2	0	0	0	2
17	15	6	3	3	0	0	0	2
17	15	8	3	2	0	1	0	2
17	15	1	4	2	0	0	1	2
17	15	7	4	2	0	0	0	2
17	16	4	3	2	0	0	0	1
17	16	5	4	2	0	0	0	2
17	16	6	4	2	0	0	0	2
17	16	8	3	2	0	0	0	2
17	16	1	3	2	1	0	1	2
17	16	7	4	2	0	0	0	2
17	17	4	3	2	0	1	0	3
17	17	5	3	2	0	0	0	3
17	17	6	2	2	1	0	0	2
17	17	8	3	2	0	0	0	2
17	17	1	4	2	0	0	0	2
17	17	7	4	2	0	0	0	2
17	18	4	3	2	0	0	1	2
17	18	5	4	2	0	0	0	2
17	18	6	2	3	1	0	0	2
17	18	8	4	2	0	0	0	2
17	18	1	5	2	0	0	0	2
17	18	7	5	2	0	0	0	2
17	19	4	3	2	0	0	1	2
17	19	5	4	2	0	0	0	3
17	19	6	2	2	0	0	0	2
17	19	8	3	2	0	1	0	2
17	19	1	4	2	0	0	0	2
17	19	7	4	2	0	0	0	2
17	20	4	3	1	1	1	0	3
17	20	5	4	2	0	0	0	2
17	20	6	3	2	0	0	0	2
17	20	8	3	2	0	1	0	2
17	20	1	4	2	0	0	0	2
17	20	7	4	2	0	0	0	2
18	01	4	4	2	0	0	1	2
18	01	5	4	2	0	0	0	2
18	01	6	3	2	0	0	0	2
18	01	8	4	2	0	0	0	2
18	01	1	5	2	0	0	0	2
18	01	7	3	2	0	0	0	2
18	02	4	3	2	0	0	0	2
18	02	5	5	2	0	0	0	2
18	02	6	3	2	0	0	0	2
18	02	8	5	2	0	0	0	2
18	02	1	5	2	0	0	0	2
18	02	7	3	2	0	0	0	2
18	03	4	4	2	0	0	0	2
18	03	5	5	2	0	0	0	2
18	03	6	3	2	0	0	0	2
18	03	8	5	2	0	0	0	2
18	03	1	4	2	0	0	0	2
18	03	7	4	2	0	0	0	2
18	04	4	4	2	0	0	0	2
18	04	5	4	2	0	0	0	2
18	04	6	2	2	0	0	0	2
18	04	8	5	2	0	0	0	2
18	04	1	4	2	0	0	0	2
18	04	7	4	2	0	0	0	2
18	05	4	3	2	0	0	1	3
18	05	5	3	2	0	0	0	2
18	05	6	3	1	0	0	1	2
18	05	8	5	2	0	0	0	2
18	05	1	4	2	0	0	1	2
18	05	7	3	1	0	0	0	2
18	06	4	3	2	0	1	0	3
18	06	5	3	1	0	0	0	2
18	06	6	3	2	0	0	0	2
18	06	8	5	2	0	0	0	2
18	06	1	4	2	0	0	0	2
18	06	7	3	2	0	0	0	2
18	07	4	3	1	0	0	1	2
18	07	5	4	2	0	0	0	2
18	07	6	2	2	0	0	0	2
18	07	8	4	1	0	0	0	2
18	07	1	3	2	0	1	1	2
18	07	7	2	1	1	1	0	2
18	08	4	3	1	0	0	1	2
18	08	5	2	1	0	0	1	2
18	08	6	3	1	1	0	0	2
18	08	8	4	1	0	0	0	2
18	08	1	3	1	0	0	1	2
18	08	7	2	1	1	1	1	2
18	09	4	4	2	0	0	0	3
18	09	5	3	1	1	0	0	1
18	09	6	3	2	1	0	0	2
18	09	8	4	2	0	0	0	2
18	09	1	4	2	0	0	0	2
18	09	7	3	2	0	0	0	2
18	10	4	5	2	0	0	0	2
18	10	5	5	2	0	0	0	2
18	10	6	3	2	0	0	0	2
18	10	8	5	2	0	0	0	2
18	10	1	3	2	0	0	1	2
18	10	7	3	1	0	1	0	2
18	11	4	3	2	0	1	0	2
18	11	5	4	2	0	0	0	2
18	11	6	3	2	0	0	0	2
18	11	8	5	2	0	0	0	2
18	11	1	4	2	0	0	0	2
18	11	7	4	2	0	0	0	2
19	01	4	4	2	0	0	1	1
19	01	5	4	2	0	0	0	2
19	01	6	4	2	0	0	0	2
19	01	8	3	2	0	0	0	1
19	01	1	3	2	0	0	1	2
19	01	7	2	2	0	1	0	2
19	02	4	3	3	0	0	0	1
19	02	5	3	2	0	0	0	1
19	02	6	2	2	0	0	1	2
19	02	8	3	2	0	1	0	1
19	02	1	3	2	0	0	0	1
19	02	7	2	2	0	0	0	2
19	03	4	3	1	0	0	0	2
19	03	5	5	2	0	0	0	2
19	03	6	3	2	0	0	0	2
19	03	8	4	1	0	0	0	2
19	03	1	4	1	0	0	1	1
19	03	7	3	2	0	0	0	2
19	04	4	2	1	1	0	0	2
19	04	5	5	2	0	0	0	2
19	04	6	3	2	0	0	0	2
19	04	8	4	2	0	0	0	2
19	04	1	4	1	0	0	1	2
19	04	7	2	1	0	0	0	2
19	05	4	4	2	0	0	0	2
19	05	5	4	1	0	0	0	1
19	05	6	3	2	0	0	0	2
19	05	8	3	2	1	0	0	1
19	05	1	3	2	0	0	1	2
19	05	7	3	2	0	1	0	2
19	06	4	4	2	0	0	0	2
19	06	5	5	2	0	0	0	2
19	06	6	3	2	0	0	0	2
19	06	8	4	2	0	0	0	2
19	06	1	4	2	0	0	0	2
19	06	7	4	2	0	0	0	2
19	07	4	3	1	0	0	0	2
19	07	5	4	2	0	0	0	1
19	07	6	3	2	0	0	0	2
19	07	8	4	2	0	0	0	1
19	07	1	3	2	0	0	1	2
19	07	7	1	1	0	1	1	2
19	08	4	3	1	0	0	1	1
19	08	5	4	2	0	0	0	2
19	08	6	4	2	0	0	0	2
19	08	8	4	2	0	0	0	1
19	08	1	3	2	0	0	0	2
19	08	7	3	2	0	0	0	2
19	09	4	2	2	0	0	1	1
19	09	5	4	2	0	0	0	2
19	09	6	3	2	0	0	0	2
19	09	8	4	2	0	0	0	2
19	09	1	3	2	0	0	1	2
19	09	7	2	1	0	1	1	1
19	10	4	2	2	0	0	1	1
19	10	5	2	2	0	0	0	1
19	10	6	3	2	0	0	0	2
19	10	8	4	2	0	0	0	1
19	10	1	2	2	0	0	1	1
19	10	7	3	2	0	0	0	2
19	11	4	3	2	0	0	1	2
19	11	5	4	2	0	0	0	1
19	11	6	3	2	0	0	0	2
19	11	8	4	2	0	0	0	1
19	11	1	3	2	0	0	0	2
19	11	7	3	2	0	0	0	2
19	12	4	2	1	0	0	1	1
19	12	5	4	2	0	0	0	2
19	12	6	2	2	0	0	0	1
19	12	8	4	2	0	0	0	1
19	12	1	3	2	0	0	1	1
19	12	7	3	1	0	0	0	2
19	13	4	2	1	0	0	1	2
19	13	5	5	2	0	0	0	2
19	13	6	3	2	0	0	0	2
19	13	8	3	1	0	0	0	1
19	13	1	3	2	0	0	1	2
19	13	7	2	1	0	0	0	2
19	14	4	3	2	0	0	1	3
19	14	5	4	2	0	0	0	2
19	14	6	4	2	0	0	0	2
19	14	8	4	2	0	0	0	1
19	14	1	3	2	0	0	1	2
19	14	7	3	2	0	0	0	2
19	15	4	4	2	0	0	0	2
19	15	5	3	2	0	0	0	2
19	15	6	3	2	0	0	0	2
19	15	8	3	1	0	0	0	1
19	15	1	4	2	0	0	0	2
19	15	7	3	2	0	0	0	2
19	16	4	3	2	0	0	1	2
19	16	5	4	2	0	0	0	2
19	16	6	3	2	0	0	0	2
19	16	8	2	1	0	0	0	1
19	16	1	4	2	0	0	1	2
19	16	7	2	1	0	0	0	2
20	01	4	4	2	0	0	0	2
20	01	5	4	2	0	0	0	2
20	01	6	3	2	0	0	0	2
20	01	8	3	2	0	0	0	1
20	01	1	3	2	0	0	0	1
20	01	7	2	2	0	1	0	2
20	02	4	2	1	0	1	0	1
20	02	5	3	2	1	0	0	1
20	02	6	2	1	0	1	0	1
20	02	8	3	1	0	0	0	1
20	02	1	3	1	0	0	0	1
20	02	7	1	1	1	1	1	1
20	03	4	4	2	0	0	0	2
20	03	5	3	1	0	0	0	1
20	03	6	2	1	0	0	0	1
20	03	8	3	2	0	1	0	1
20	03	1	4	2	0	0	0	1
20	03	7	1	1	1	1	0	1
20	04	4	3	2	0	0	0	1
20	04	5	3	1	0	0	0	1
20	04	6	2	2	0	0	0	1
20	04	8	3	2	0	1	0	1
20	04	1	3	2	0	0	0	1
20	04	7	1	1	0	1	1	2
20	05	4	4	1	0	0	0	2
20	05	5	2	1	0	0	0	1
20	05	6	3	2	0	0	0	2
20	05	8	3	2	0	0	0	2
20	05	1	4	1	0	0	0	1
20	05	7	2	2	0	0	0	2
20	06	4	2	1	0	0	1	1
20	06	5	3	2	0	0	0	1
20	06	6	3	2	0	0	0	2
20	06	8	3	2	0	0	0	1
20	06	1	4	2	0	0	0	2
20	06	7	2	1	0	0	1	2
20	07	4	4	2	0	0	0	2
20	07	5	4	2	0	0	0	2
20	07	6	4	2	0	0	0	2
20	07	8	3	2	0	1	0	2
20	07	1	4	2	0	0	0	2
20	07	7	3	2	0	0	0	2
20	08	4	4	1	0	0	0	2
20	08	5	2	2	0	0	1	1
20	08	6	3	2	0	0	0	2
20	08	8	3	2	0	0	0	1
20	08	1	5	2	0	0	0	2
20	08	7	3	2	0	1	0	2
20	09	4	3	1	0	0	0	1
20	09	5	3	1	0	0	0	1
20	09	6	2	2	0	0	0	2
20	09	8	3	2	0	0	0	1
20	09	1	5	2	0	0	0	2
20	09	7	2	1	0	0	0	2
20	10	4	3	2	0	0	0	1
20	10	5	3	1	0	0	1	1
20	10	6	3	1	0	0	0	2
20	10	8	3	2	0	0	0	1
20	10	1	4	1	0	0	0	2
20	10	7	2	2	0	0	0	1
20	11	4	4	2	0	0	0	2
20	11	5	5	2	0	0	0	2
20	11	6	2	3	0	0	0	2
20	11	8	3	2	0	0	0	1
20	11	1	4	2	0	0	0	2
20	11	7	2	2	0	1	1	2
20	12	4	3	2	1	0	0	2
20	12	5	4	2	0	1	0	2
20	12	6	3	2	0	0	0	2
20	12	8	3	2	1	1	0	1
20	12	1	4	2	0	0	0	2
20	12	7	3	2	0	0	0	2
20	13	4	4	2	0	0	0	2
20	13	5	4	1	0	0	0	1
20	13	6	4	2	0	0	0	2
20	13	8	3	2	0	1	0	1
20	13	1	4	2	0	0	0	2
20	13	7	3	2	0	0	0	2
21	01	4	2	3	0	0	0	1
21	01	5	4	2	0	0	0	2
21	01	6	2	2	0	0	0	2
21	01	8	4	2	0	0	0	1
21	01	1	3	2	0	0	0	2
21	01	7	3	2	0	0	0	2
21	02	4	2	2	1	0	0	1
21	02	5	3	2	1	1	0	1
21	02	6	1	3	1	1	0	1
21	02	8	3	2	0	0	0	1
21	02	1	3	2	1	0	1	2
21	02	7	2	1	0	1	0	2
21	03	4	4	2	0	0	0	2
21	03	5	5	2	0	0	0	2
21	03	6	3	2	0	0	0	2
21	03	8	5	2	0	0	0	2
21	03	1	4	2	0	0	1	2
21	03	7	3	2	0	0	0	2
21	04	4	2	3	1	1	1	2
21	04	5	4	3	0	0	0	2
21	04	6	2	2	0	0	0	3
21	04	8	3	2	1	0	0	2
21	04	1	1	2	0	0	1	2
21	04	7	1	2	1	1	1	2
21	05	4	3	2	0	0	0	2
21	05	5	4	2	0	0	0	2
21	05	6	2	2	0	0	0	2
21	05	8	3	2	0	0	0	1
21	05	1	4	2	0	0	0	1
21	05	7	3	2	0	0	0	1
21	06	4	3	2	0	0	0	1
21	06	5	5	2	0	0	0	2
21	06	6	2	2	0	0	0	2
21	06	8	3	2	0	0	0	1
21	06	1	4	2	0	0	0	1
21	06	7	3	2	0	1	0	1
21	07	4	4	2	0	0	0	2
21	07	5	5	2	0	0	0	2
21	07	6	3	2	0	0	0	2
21	07	8	4	2	1	1	0	1
21	07	1	3	2	0	0	1	2
21	07	7	3	2	0	0	0	2
21	08	4	3	3	0	0	0	1
21	08	5	5	2	0	0	0	2
21	08	6	3	2	0	0	0	2
21	08	8	3	2	0	0	0	1
21	08	1	4	2	0	0	0	2
21	08	7	2	2	0	1	0	2
21	09	4	4	2	0	0	0	2
21	09	5	4	2	0	0	0	2
21	09	6	2	2	0	0	1	2
21	09	8	3	2	0	0	0	1
21	09	1	4	2	0	0	0	2
21	09	7	2	2	0	1	0	1
21	10	4	4	2	0	0	0	2
21	10	5	5	2	0	0	0	2
21	10	6	4	2	0	0	0	2
21	10	8	4	2	0	0	0	2
21	10	1	4	2	0	0	1	2
21	10	7	3	2	0	0	0	2
21	11	4	3	2	0	1	0	2
21	11	5	5	2	0	0	0	2
21	11	6	3	2	0	0	0	2
21	11	8	3	2	0	0	0	2
21	11	1	4	2	0	0	0	2
21	11	7	3	2	0	0	0	2
21	12	4	4	2	0	0	0	2
21	12	5	5	2	0	0	0	2
21	12	6	3	2	0	0	0	2
21	12	8	4	2	0	0	0	2
21	12	1	4	3	0	0	1	2
21	12	7	3	2	0	0	0	2
21	13	4	4	2	0	0	0	2
21	13	5	5	2	0	0	0	2
21	13	6	3	2	0	0	0	2
21	13	8	4	2	0	0	0	1
21	13	1	4	2	0	0	0	2
21	13	7	3	2	0	0	0	2
22	01	4	2	2	1	0	0	2
22	01	5	3	2	0	1	0	1
22	01	6	3	1	0	1	1	2
22	01	8	3	1	1	0	0	2
22	01	1	3	2	1	0	0	2
22	01	7	3	2	0	0	0	2
22	02	4	2	1	1	0	1	1
22	02	5	3	1	1	0	0	2
22	02	6	3	1	1	1	0	2
22	02	8	2	1	1	0	0	1
22	02	1	3	1	1	0	1	2
22	02	7	2	1	1	1	0	1
22	03	4	3	1	0	0	0	2
22	03	5	4	2	0	0	0	1
22	03	6	2	1	1	1	0	2
22	03	8	2	2	1	0	0	1
22	03	1	3	2	0	0	1	2
22	03	7	2	1	0	1	0	2
22	04	4	2	1	0	0	1	2
22	04	5	4	2	0	0	0	2
22	04	6	3	1	0	0	1	2
22	04	8	3	1	0	0	0	1
22	04	1	3	2	0	0	1	2
22	04	7	3	2	0	0	0	2
22	05	4	4	2	0	0	0	2
22	05	5	5	2	0	0	0	2
22	05	6	3	2	0	0	0	2
22	05	8	4	2	0	0	0	2
22	05	1	4	2	0	0	0	2
22	05	7	3	2	0	0	0	2
22	06	4	2	1	0	0	1	1
22	06	5	4	2	0	0	0	2
22	06	6	3	1	0	0	0	2
22	06	8	3	1	0	1	0	1
22	06	1	3	2	0	0	1	2
22	06	7	2	1	0	1	0	1
22	07	4	3	1	0	0	1	3
22	07	5	4	1	0	0	0	2
22	07	6	3	2	0	0	0	2
22	07	8	4	2	0	1	0	2
22	07	1	5	2	0	0	0	2
22	07	7	3	2	0	0	0	2
22	08	4	2	1	0	0	1	2
22	08	5	5	2	0	0	0	2
22	08	6	2	2	0	0	0	1
22	08	8	2	2	0	1	0	1
22	08	1	4	2	0	0	0	2
22	08	7	2	2	0	1	0	2
22	09	4	3	1	0	0	1	2
22	09	5	5	2	0	0	0	2
22	09	6	4	2	0	0	0	2
22	09	8	3	2	0	1	0	2
22	09	1	3	2	0	0	1	2
22	09	7	3	2	0	0	0	2
22	10	4	3	1	0	0	1	2
22	10	5	5	2	0	0	0	2
22	10	6	2	1	1	1	0	1
22	10	8	3	1	0	1	0	2
22	10	1	3	2	0	0	1	3
22	10	7	1	1	1	1	0	2
22	11	4	4	2	0	0	0	2
22	11	5	4	2	0	0	0	2
22	11	6	2	1	0	0	0	1
22	11	8	3	2	0	1	0	2
22	11	1	3	2	0	0	1	2
22	11	7	2	2	0	1	0	2
22	12	4	4	3	0	0	1	2
22	12	5	3	1	0	0	0	2
22	12	6	2	2	0	0	0	2
22	12	8	3	2	0	1	0	2
22	12	1	2	2	0	0	1	2
22	12	7	3	2	0	1	0	2
22	13	4	3	1	0	0	0	2
22	13	5	4	2	0	0	0	2
22	13	6	2	1	0	0	0	1
22	13	8	3	2	0	0	0	1
22	13	1	3	2	0	0	1	2
22	13	7	2	1	0	0	0	1
24	01	4	3	1	0	0	1	2
24	01	5	4	2	0	0	0	2
24	01	6	2	2	0	0	0	2
24	01	9	1	1	0	1	1	1
24	01	2	1	1	1	1	1	1
24	01	7	2	2	1	1	0	2
24	02	4	1	1	0	1	0	1
24	02	5	2	1	0	1	0	1
24	02	6	1	2	0	0	0	1
24	02	9	1	2	1	0	0	1
24	02	2	1	1	1	1	1	1
24	02	7	1	1	1	1	1	1
24	03	4	2	3	1	1	1	1
24	03	5	2	2	1	0	1	1
24	03	6	2	2	0	1	1	2
24	03	9	1	1	0	1	0	1
24	03	2	1	1	1	1	0	1
24	03	7	1	2	1	1	0	1
24	04	4	1	1	1	1	1	1
24	04	5	1	1	0	1	0	1
24	04	6	2	1	0	1	0	1
24	04	9	1	1	0	1	1	1
24	04	2	1	1	1	1	1	1
24	04	7	1	1	1	1	1	1
24	05	4	1	1	1	0	1	1
24	05	5	3	1	0	0	0	2
24	05	6	1	2	0	0	0	1
24	05	9	2	2	0	1	1	1
24	05	2	2	2	1	1	0	1
24	05	7	1	1	0	1	0	2
24	06	4	3	2	0	1	0	1
24	06	5	4	2	0	0	0	1
24	06	6	1	2	0	0	0	1
24	06	9	1	1	1	1	0	1
24	06	2	1	2	1	1	0	1
24	06	7	1	1	0	1	0	1
24	07	4	2	2	0	1	0	1
24	07	5	2	2	0	0	1	1
24	07	6	1	2	0	0	0	1
24	07	9	2	2	1	1	0	1
24	07	2	2	2	1	1	0	2
24	07	7	2	2	1	1	0	1
24	08	4	3	2	0	1	0	2
24	08	5	3	2	0	0	1	2
24	08	6	2	2	0	0	0	2
24	08	9	2	1	0	0	1	1
24	08	2	1	2	1	1	1	1
24	08	7	2	2	1	1	0	2
24	09	4	3	1	1	0	1	2
24	09	5	3	2	1	0	1	1
24	09	6	2	1	0	1	0	1
24	09	9	1	1	1	0	1	1
24	09	2	1	1	1	1	1	1
24	09	7	1	2	1	1	0	2
24	10	4	2	2	0	0	0	1
24	10	5	3	3	0	0	0	2
24	10	6	2	2	0	0	0	1
24	10	9	2	1	0	1	0	1
24	10	2	2	2	1	1	0	1
24	10	7	2	2	1	1	1	2
24	11	4	2	3	0	0	0	1
24	11	5	4	2	0	0	0	2
24	11	6	2	3	0	0	0	1
24	11	9	2	2	1	0	0	1
24	11	2	1	2	1	1	0	1
24	11	7	2	2	1	1	0	2
24	12	4	2	2	0	0	0	2
24	12	5	4	2	0	0	0	2
24	12	6	3	2	0	0	0	2
24	12	9	1	1	0	0	1	1
24	12	2	2	2	1	1	1	2
24	12	7	2	2	1	1	0	2
24	13	4	1	1	1	0	1	1
24	13	5	2	3	1	0	1	1
24	13	6	1	2	0	0	0	1
24	13	9	1	1	1	0	1	1
24	13	2	1	2	1	1	1	1
24	13	7	1	2	1	1	0	2
24	14	4	2	2	0	1	1	1
24	14	5	5	2	0	0	0	2
24	14	6	2	2	0	0	0	2
24	14	9	2	2	0	0	1	1
24	14	2	1	2	1	1	0	2
24	14	7	2	2	1	1	0	2
24	15	4	2	2	1	1	0	1
24	15	5	4	2	0	0	0	2
24	15	6	2	2	0	1	0	2
24	15	9	1	1	1	0	1	1
24	15	2	1	1	1	1	1	1
24	15	7	1	2	1	1	0	2
24	16	4	1	1	1	0	0	1
24	16	5	3	2	0	0	1	2
24	16	6	1	3	0	0	0	1
24	16	9	1	1	0	1	0	1
24	16	2	3	2	1	0	0	2
24	16	7	1	2	1	1	0	2
24	17	4	1	1	1	1	0	1
24	17	5	3	3	0	0	0	1
24	17	6	1	3	0	0	0	1
24	17	9	1	2	0	1	0	1
24	17	2	2	2	1	1	0	1
24	17	7	2	2	0	1	0	2
24	18	4	2	2	1	0	0	1
24	18	5	2	3	0	0	1	2
24	18	6	1	3	0	0	0	1
24	18	9	2	2	0	1	0	1
24	18	2	2	3	1	1	0	1
24	18	7	3	2	0	0	0	2
25	01	4	3	2	0	1	1	3
25	01	5	4	2	0	0	0	2
25	01	6	3	2	0	0	0	2
25	01	9	1	1	1	1	1	3
25	01	2	2	2	1	1	0	3
25	01	7	3	2	0	1	0	2
25	02	4	2	3	0	0	0	1
25	02	5	4	2	0	0	0	2
25	02	6	2	2	0	0	0	2
25	02	9	1	1	1	1	1	1
25	02	2	2	2	1	0	1	2
25	02	7	2	2	0	0	0	2
25	03	4	5	2	0	0	0	2
25	03	5	4	2	0	0	0	2
25	03	6	3	2	0	0	0	2
25	03	9	2	1	1	1	0	2
25	03	2	3	2	0	1	0	2
25	03	7	3	2	0	0	0	2
25	04	4	3	3	0	0	1	1
25	04	5	3	2	0	0	0	1
25	04	6	2	2	0	0	0	2
25	04	9	1	1	1	1	1	1
25	04	2	2	2	1	1	1	1
25	04	7	3	2	0	0	0	2
25	05	4	3	2	0	0	1	1
25	05	5	2	2	0	0	1	1
25	05	6	2	2	0	1	0	2
25	05	9	1	1	1	1	0	1
25	05	2	1	2	1	1	1	1
25	05	7	2	1	1	1	0	1
25	06	4	3	2	0	1	0	1
25	06	5	3	2	0	0	1	1
25	06	6	2	2	0	0	0	2
25	06	9	1	1	1	1	1	2
25	06	2	2	2	0	1	1	1
25	06	7	1	2	1	1	0	2
25	07	4	3	2	0	0	1	3
25	07	5	3	2	1	0	0	2
25	07	6	3	2	0	0	0	2
25	07	9	2	1	1	0	1	2
25	07	2	2	2	1	1	0	2
25	07	7	3	2	0	0	0	2
25	08	4	3	2	0	1	0	2
25	08	5	2	2	0	0	1	1
25	08	6	3	2	0	0	0	2
25	08	9	2	1	1	1	1	2
25	08	2	2	2	1	1	0	2
25	08	7	2	2	0	1	0	2
25	09	4	4	2	0	0	0	2
25	09	5	2	2	0	0	1	1
25	09	6	3	1	1	0	0	2
25	09	9	2	1	1	0	1	2
25	09	2	2	2	1	1	0	2
25	09	7	3	2	0	0	0	2
25	10	4	2	3	0	0	1	2
25	10	5	2	2	1	0	0	1
25	10	6	2	2	0	0	0	1
25	10	9	3	2	1	0	0	2
25	10	2	2	2	1	0	0	2
25	10	7	3	2	0	1	0	2
25	11	4	3	2	0	0	1	2
25	11	5	3	1	1	0	0	2
25	11	6	3	2	0	0	0	2
25	11	9	2	1	1	1	1	2
25	11	2	3	2	1	0	0	2
25	11	7	3	2	0	0	0	2
25	12	4	4	2	0	1	0	2
25	12	5	3	2	0	0	1	1
25	12	6	3	2	0	0	0	2
25	12	9	2	1	1	1	1	3
25	12	2	2	2	1	1	1	2
25	12	7	2	2	0	1	1	2
25	13	4	4	2	0	0	0	2
25	13	5	3	2	0	0	0	2
25	13	6	3	2	0	0	0	2
25	13	9	2	1	1	0	1	3
25	13	2	2	2	1	0	0	2
25	13	7	3	2	0	0	0	2
25	14	4	3	3	0	0	0	2
25	14	5	1	2	1	1	1	1
25	14	6	3	2	0	0	0	2
25	14	9	2	2	1	1	1	2
25	14	2	2	2	1	0	1	2
25	14	7	3	2	0	0	0	2
27	01	4	4	2	0	0	0	2
27	01	5	5	2	0	0	0	2
27	01	6	3	2	0	0	0	2
27	01	9	3	1	0	0	0	1
27	01	2	2	2	1	1	0	2
27	01	7	2	2	0	0	0	2
27	01	0	2	2	0	0	0	1
27	02	4	4	2	0	0	0	2
27	02	5	2	2	0	0	1	3
27	02	6	3	2	1	0	0	2
27	02	9	3	1	0	0	0	2
27	02	2	2	2	1	0	0	2
27	02	7	2	2	0	0	0	2
27	03	4	2	2	0	0	0	1
27	03	5	4	2	0	0	0	1
27	03	6	2	1	0	0	0	2
27	03	9	2	1	1	0	1	2
27	03	2	2	2	0	0	1	2
27	03	7	3	2	0	1	0	2
27	04	4	2	1	0	0	0	2
27	04	5	4	2	0	0	0	2
27	04	6	3	1	0	0	0	2
27	04	9	2	1	0	0	1	1
27	04	2	2	1	1	1	0	2
27	04	7	2	1	0	1	0	2
27	05	4	2	3	0	0	1	1
27	05	5	4	2	0	0	0	2
27	05	6	2	3	0	0	0	2
27	05	9	3	1	0	0	0	1
27	05	2	2	2	1	1	0	1
27	05	7	2	2	0	1	1	2
27	06	4	4	2	0	0	0	2
27	06	5	4	2	0	0	0	2
27	06	6	2	2	0	0	0	2
27	06	9	2	1	0	0	1	1
27	06	2	2	1	0	1	0	1
27	06	7	2	2	0	0	0	2
27	07	4	3	2	1	0	0	2
27	07	5	4	2	0	0	0	2
27	07	6	2	2	0	0	0	2
27	07	9	3	2	1	0	0	2
27	07	2	2	2	1	1	0	2
27	07	7	1	2	0	1	0	2
27	08	4	3	3	0	0	1	3
27	08	5	3	2	0	0	1	3
27	08	6	3	2	0	0	0	2
27	08	9	2	2	0	0	1	2
27	08	2	4	2	0	1	0	2
27	08	7	2	2	1	0	0	2
27	09	4	4	2	0	0	0	2
27	09	5	5	2	0	0	0	2
27	09	6	3	2	0	0	0	2
27	09	9	3	2	0	0	1	2
27	09	2	2	2	0	1	0	2
27	09	7	2	2	0	1	0	1
27	10	4	2	2	1	0	0	1
27	10	5	4	2	0	0	0	2
27	10	6	2	2	0	0	0	2
27	10	9	3	2	0	0	1	2
27	10	2	2	2	1	1	1	1
27	10	7	2	2	0	0	0	2
27	11	4	3	2	0	0	1	1
27	11	5	2	3	0	0	1	1
27	11	6	2	2	0	0	0	2
27	11	9	3	1	0	0	0	1
27	11	2	1	2	1	1	1	1
27	11	7	2	2	0	1	0	1
27	12	4	3	2	1	0	0	3
27	12	5	3	3	1	0	0	3
27	12	6	2	2	0	0	0	2
27	12	9	3	1	0	0	0	2
27	12	2	2	2	1	0	1	2
27	12	7	2	2	0	1	0	2
28	01	4	2	1	0	0	1	2
28	01	5	3	1	0	1	0	2
28	01	6	3	1	1	1	0	2
28	01	9	2	1	0	0	1	1
28	01	2	2	1	0	1	1	2
28	01	7	1	1	1	1	0	2
28	02	4	1	1	0	1	1	1
28	02	5	2	1	0	1	0	1
28	02	6	1	1	1	1	0	1
28	02	9	2	1	0	0	1	2
28	02	2	1	1	0	1	1	2
28	02	7	2	1	1	1	0	2
28	03	4	2	1	0	0	0	1
28	03	5	2	2	0	0	1	1
28	03	6	2	1	1	1	1	1
28	03	9	2	1	0	0	1	2
28	03	2	1	1	0	1	1	2
28	03	7	1	1	1	1	0	2
28	04	4	3	3	0	0	0	1
28	04	5	4	2	0	0	0	2
28	04	6	2	2	0	0	0	2
28	04	9	3	1	0	0	0	2
28	04	2	2	2	0	1	0	1
28	04	7	2	2	0	1	0	2
28	05	4	2	1	1	0	0	1
28	05	5	2	1	1	0	1	1
28	05	6	1	1	1	1	0	1
28	05	9	2	1	0	1	1	1
28	05	2	2	1	0	1	1	2
28	05	7	2	1	0	1	1	2
28	06	4	3	2	0	0	0	2
28	06	5	4	2	0	0	0	2
28	06	6	2	2	0	0	0	1
28	06	9	2	1	0	1	1	2
28	06	2	2	2	0	1	1	2
28	06	7	2	2	0	0	0	2
28	07	4	3	2	0	0	0	1
28	07	5	4	2	0	0	0	2
28	07	6	2	2	0	0	0	2
28	07	9	3	1	0	0	1	2
28	07	2	2	2	0	1	1	2
28	07	7	2	2	0	1	0	2
28	08	4	3	2	1	0	0	3
28	08	5	2	1	0	1	0	2
28	08	6	3	2	0	0	0	2
28	08	9	2	1	0	0	1	2
28	08	2	2	1	0	1	1	1
28	08	7	2	2	0	0	0	2
28	09	4	4	2	0	0	0	1
28	09	5	5	2	0	0	0	2
28	09	6	2	3	0	0	0	2
28	09	9	3	2	0	0	0	1
28	09	2	3	2	0	1	0	1
28	09	7	2	2	0	1	0	2
28	10	4	4	2	0	0	0	2
28	10	5	3	2	0	0	1	1
28	10	6	3	2	0	0	0	2
28	10	9	3	1	0	0	0	2
28	10	2	2	2	0	1	0	2
28	10	7	3	2	0	0	0	2
28	11	4	2	3	0	1	1	1
28	11	5	3	2	0	0	0	2
28	11	6	2	2	0	1	0	1
28	11	9	2	1	0	0	1	2
28	11	2	2	2	0	1	0	1
28	11	7	2	2	0	1	0	2
28	12	4	4	2	0	0	0	2
28	12	5	3	1	0	0	0	2
28	12	6	2	1	0	0	0	1
28	12	9	2	1	0	1	0	3
28	12	2	2	1	0	1	0	2
28	12	7	2	2	0	1	0	2
28	13	4	2	2	0	0	1	2
28	13	5	2	1	1	0	0	1
28	13	6	2	1	0	1	1	1
28	13	9	2	1	0	0	1	2
28	13	2	2	1	0	1	1	2
28	13	7	2	2	1	0	0	2
28	14	4	3	2	0	0	1	2
28	14	5	2	1	0	0	1	1
28	14	6	2	2	0	0	0	2
28	14	9	2	1	0	0	0	2
28	14	2	2	2	0	1	1	2
28	14	7	3	2	0	0	0	2
28	15	4	2	1	0	0	0	1
28	15	5	2	2	0	1	0	1
28	15	6	2	1	0	1	1	1
28	15	9	2	1	0	0	0	1
28	15	2	2	1	0	1	0	2
28	15	7	2	2	1	1	0	2
30	01	4	3	1	1	0	1	2
30	01	5	4	2	0	0	0	2
30	01	6	4	2	0	0	0	2
30	01	9	2	1	0	0	1	2
30	01	2	3	2	0	1	0	2
30	01	7	2	2	0	0	0	2
30	02	4	4	2	1	0	0	2
30	02	5	4	2	0	0	0	2
30	02	6	3	2	0	0	0	2
30	02	9	2	1	0	0	1	3
30	02	2	3	2	0	1	0	2
30	02	7	3	2	0	0	0	2
30	03	4	3	2	1	0	1	2
30	03	5	5	2	0	0	0	2
30	03	6	2	1	0	0	0	2
30	03	9	2	1	0	0	1	2
30	03	2	2	1	1	1	1	2
30	03	7	3	2	0	1	0	2
30	04	4	3	1	0	1	1	3
30	04	5	2	2	1	0	0	1
30	04	6	3	2	0	0	0	2
30	04	9	2	1	0	0	1	3
30	04	2	2	1	1	1	1	2
30	04	7	2	2	0	1	0	2
30	05	4	3	3	0	0	0	2
30	05	5	3	3	0	0	1	2
30	05	6	2	3	0	0	0	2
30	05	9	2	1	0	0	1	3
30	05	2	2	2	1	1	1	2
30	05	7	3	2	0	0	0	2
30	06	4	4	2	0	0	0	2
30	06	5	2	3	1	0	0	3
30	06	6	3	2	0	0	0	2
30	06	9	2	1	0	0	1	3
30	06	2	2	2	0	1	0	2
30	06	7	3	2	0	0	0	2
30	07	4	4	2	0	1	0	3
30	07	5	3	1	1	0	0	2
30	07	6	3	2	0	0	0	2
30	07	9	2	1	0	1	1	3
30	07	2	2	2	0	1	0	2
30	07	7	3	2	0	1	0	2
30	08	4	4	2	0	0	0	2
30	08	5	3	2	0	0	1	2
30	08	6	3	2	0	0	0	2
30	08	9	2	2	0	0	1	2
30	08	2	3	2	0	0	0	2
30	08	7	3	2	0	0	0	2
30	09	4	2	1	1	0	0	2
30	09	5	2	1	1	1	0	2
30	09	6	3	1	0	0	0	2
30	09	9	1	1	0	1	1	3
30	09	2	2	1	0	1	1	2
30	09	7	3	1	0	1	0	2
30	10	4	4	2	0	0	0	2
30	10	5	2	2	1	1	0	2
30	10	6	3	2	0	0	0	2
30	10	9	1	1	0	1	1	3
30	10	2	1	1	1	1	1	2
30	10	7	3	2	0	1	0	2
30	11	4	2	1	0	0	0	2
30	11	5	3	2	0	1	0	2
30	11	6	2	1	1	1	0	2
30	11	9	1	1	1	0	1	3
30	11	2	2	1	1	0	1	3
30	11	7	2	2	0	1	0	2
31	01	4	3	1	0	0	0	2
31	01	5	4	2	0	0	0	2
31	01	6	3	2	0	0	0	2
31	01	9	3	1	0	0	0	2
31	01	2	3	2	0	0	0	2
31	01	7	2	2	0	1	0	2
31	02	4	3	2	0	0	1	3
31	02	5	2	2	0	0	0	3
31	02	6	3	2	0	0	0	2
31	02	9	2	1	0	1	1	3
31	02	2	2	2	0	1	1	2
31	02	7	3	2	0	0	0	2
31	03	4	3	1	0	1	0	2
31	03	5	2	2	1	0	0	2
31	03	6	3	2	0	0	0	2
31	03	9	2	1	0	1	1	3
31	03	2	3	2	1	0	0	2
31	03	7	3	2	0	0	0	2
31	04	4	3	1	1	0	0	2
31	04	5	2	2	0	1	0	2
31	04	6	3	2	0	0	0	2
31	04	9	1	1	1	1	1	3
31	04	2	1	1	1	1	1	2
31	04	7	2	2	0	0	0	2
31	04	0	2	1	0	1	0	2
31	05	4	3	1	1	0	0	3
31	05	5	3	2	1	0	0	2
31	05	6	4	2	0	0	0	2
31	05	9	1	1	1	1	1	3
31	05	2	3	1	0	0	1	2
31	05	7	2	2	0	0	1	2
31	06	4	3	2	0	0	1	2
31	06	5	3	2	0	0	1	2
31	06	6	3	2	0	0	0	2
31	06	9	2	1	0	1	1	2
31	06	2	2	2	0	1	1	2
31	06	7	2	2	0	0	1	2
31	07	4	2	1	1	0	0	1
31	07	5	2	2	1	0	1	3
31	07	6	3	2	0	0	0	2
31	07	9	1	1	0	1	1	3
31	07	2	1	2	1	1	1	2
31	07	7	2	2	0	0	1	2
31	08	4	2	1	1	0	1	2
31	08	5	4	2	0	0	0	2
31	08	6	3	2	1	0	0	2
31	08	9	1	1	0	1	1	3
31	08	2	2	2	1	1	1	2
31	08	7	3	1	0	0	1	2
31	09	4	4	2	0	0	0	2
31	09	5	3	2	0	1	0	2
31	09	6	3	2	0	0	0	2
31	09	9	1	1	0	0	1	2
31	09	2	2	2	1	1	1	2
31	09	7	3	2	0	0	0	2
32	01	4	3	2	0	1	0	2
32	01	5	1	1	1	0	1	1
32	01	6	3	2	0	0	0	2
32	01	9	2	2	0	0	1	3
32	01	2	1	1	1	1	1	2
32	01	7	1	2	1	1	0	2
32	02	4	4	3	0	0	0	2
32	02	5	5	3	0	0	0	2
32	02	6	4	2	0	0	0	2
32	02	9	4	3	0	0	0	2
32	02	2	4	3	0	1	0	2
32	02	7	3	2	0	0	0	2
32	03	4	3	3	0	1	0	2
32	03	5	2	2	0	0	1	2
32	03	6	3	2	0	0	0	2
32	03	9	2	2	0	0	0	1
32	03	2	2	2	1	0	1	2
32	03	7	3	2	0	0	0	2
32	04	4	4	2	0	0	0	2
32	04	5	5	2	0	0	0	2
32	04	6	2	2	0	0	0	2
32	04	9	2	2	0	0	1	1
32	04	2	2	2	1	1	1	2
32	04	7	3	2	0	0	0	2
32	05	4	3	1	0	1	1	2
32	05	5	3	2	1	0	0	1
32	05	6	3	2	0	1	0	2
32	05	9	2	1	0	1	1	3
32	05	2	1	2	0	0	0	3
32	05	7	3	2	0	1	0	2
32	06	4	3	3	0	0	0	1
32	06	5	2	2	0	0	1	1
32	06	6	2	3	0	0	0	2
32	06	9	3	2	0	0	0	1
32	06	2	2	2	0	1	0	1
32	06	7	2	2	0	1	0	1
32	07	4	3	2	0	0	1	2
32	07	5	2	3	1	0	0	3
32	07	6	3	2	0	0	0	2
32	07	9	3	2	0	0	1	1
32	07	2	2	2	0	1	0	2
32	07	7	2	2	1	1	0	2
32	08	4	3	3	0	0	0	1
32	08	5	2	2	1	0	0	2
32	08	6	3	2	0	0	0	2
32	08	9	2	1	0	1	1	1
32	08	2	1	3	0	1	1	2
32	08	7	3	3	0	1	0	2
32	09	4	3	1	1	0	0	2
32	09	5	3	3	0	0	0	1
32	09	6	2	3	0	1	0	2
32	09	9	2	1	0	0	1	2
32	09	2	1	1	1	1	1	2
32	09	7	2	2	0	1	1	2
32	10	4	2	3	0	1	0	1
32	10	5	2	3	1	0	0	1
32	10	6	2	3	0	0	0	1
32	10	9	2	1	0	1	0	1
32	10	2	2	2	0	1	0	1
32	10	7	1	3	0	0	0	1
33	01	4	3	1	1	0	0	2
33	01	5	3	2	1	0	0	1
33	01	6	3	1	0	1	0	2
33	01	9	2	1	0	0	1	2
33	01	2	2	2	0	1	1	2
33	01	7	2	2	1	0	0	2
33	02	4	2	2	0	1	0	1
33	02	5	2	2	0	1	0	1
33	02	6	2	2	1	0	0	2
33	02	9	2	1	0	0	1	2
33	02	2	2	2	0	1	1	1
33	02	7	2	3	0	1	0	2
33	03	4	2	3	0	1	1	3
33	03	5	4	2	0	0	0	2
33	03	6	2	2	0	0	0	2
33	03	9	3	1	0	0	1	3
33	03	2	1	2	0	0	1	1
33	03	7	2	2	1	1	0	2
33	04	4	3	2	0	0	1	2
33	04	5	3	3	0	1	0	3
33	04	6	1	2	0	0	0	1
33	04	9	3	1	0	0	1	3
33	04	2	2	2	1	0	1	2
33	04	7	2	2	0	1	0	2
33	05	4	3	3	0	0	1	3
33	05	5	4	2	0	0	0	2
33	05	6	3	2	0	0	0	2
33	05	9	3	1	0	0	1	2
33	05	2	2	2	0	0	1	1
33	05	7	2	2	1	1	0	2
33	06	4	4	2	0	0	0	2
33	06	5	2	3	1	0	0	2
33	06	6	3	2	0	0	0	2
33	06	9	2	1	0	0	1	3
33	06	2	2	1	0	0	1	2
33	06	7	2	2	1	1	0	2
33	07	4	2	2	1	0	0	2
33	07	5	3	3	1	0	0	2
33	07	6	2	1	1	1	0	2
33	07	9	1	1	1	0	1	3
33	07	2	3	2	0	1	0	2
33	07	7	2	2	1	0	0	1
33	08	4	3	2	0	0	0	2
33	08	5	3	2	1	0	0	1
33	08	6	2	2	1	0	0	2
33	08	9	2	2	1	0	1	3
33	08	2	3	2	0	0	1	2
33	08	7	1	3	0	0	1	1
33	09	4	3	3	0	0	1	3
33	09	5	3	3	0	0	0	3
33	09	6	3	2	0	0	0	2
33	09	9	2	1	1	0	1	3
33	09	2	2	2	0	1	0	3
33	09	7	2	3	1	0	0	2
33	10	4	3	3	0	1	0	3
33	10	5	5	2	0	0	0	2
33	10	6	4	2	0	0	0	2
33	10	9	2	1	0	0	0	3
33	10	2	2	2	0	1	1	2
33	10	7	3	2	0	0	0	2
33	11	4	4	2	0	0	1	2
33	11	5	3	2	0	0	0	2
33	11	6	3	2	0	0	0	2
33	11	9	2	1	0	0	1	2
33	11	2	2	2	0	1	1	3
33	11	7	3	2	0	1	0	2
33	12	4	2	3	0	1	0	3
33	12	5	3	3	1	0	0	2
33	12	6	3	2	0	0	0	2
33	12	9	2	1	0	0	0	3
33	12	2	2	2	0	1	1	3
33	12	7	3	2	1	0	0	2
33	13	4	3	2	1	0	0	2
33	13	5	4	2	0	0	0	2
33	13	6	3	2	0	0	0	2
33	13	9	2	2	0	0	0	3
33	13	2	2	2	0	0	0	3
33	13	7	2	3	0	0	1	2
33	14	4	3	3	0	1	0	3
33	14	5	4	3	0	0	0	2
33	14	6	3	2	0	0	0	2
33	14	9	3	2	0	0	1	2
33	14	2	3	2	0	1	0	2
33	14	7	2	2	1	0	0	1
33	15	4	3	3	0	0	1	3
33	15	5	4	3	0	0	1	2
33	15	6	3	2	0	0	0	2
33	15	9	3	1	0	0	1	2
33	15	2	2	2	0	1	1	2
33	15	7	3	2	0	0	0	2
34	01	4	2	2	0	0	0	1
34	01	5	3	2	0	0	0	1
34	01	6	1	2	0	0	0	1
34	01	9	2	1	0	0	0	1
34	01	2	1	1	0	1	0	1
34	01	7	1	1	1	1	1	1
34	02	4	3	1	0	0	1	1
34	02	5	3	1	0	1	0	1
34	02	6	2	2	0	0	0	1
34	02	9	1	1	0	0	1	1
34	02	2	1	1	0	1	1	1
34	02	7	1	1	1	1	0	1
34	03	4	3	3	0	0	0	2
34	03	5	3	1	0	0	0	1
34	03	6	3	2	0	0	0	2
34	03	9	2	1	0	0	0	1
34	03	2	2	2	0	1	1	1
34	03	7	2	2	1	0	0	2
34	04	4	4	2	0	0	0	2
34	04	5	3	2	0	0	0	2
34	04	6	3	2	0	0	0	2
34	04	9	1	1	0	0	1	1
34	04	2	2	2	0	1	1	2
34	04	7	1	2	1	1	0	1
34	05	4	1	1	0	0	1	1
34	05	5	2	1	0	0	0	1
34	05	6	1	1	1	0	0	1
34	05	9	1	1	0	1	1	1
34	05	2	1	1	1	1	1	1
34	05	7	1	1	1	0	0	1
34	06	4	3	1	0	0	1	2
34	06	5	2	1	0	0	1	1
34	06	6	2	1	0	1	1	1
34	06	9	2	1	0	0	1	1
34	06	2	2	2	0	1	1	1
34	06	7	2	2	0	1	0	1
34	07	4	3	1	0	0	1	2
34	07	5	4	1	0	0	0	2
34	07	6	3	1	0	0	0	1
34	07	9	1	1	0	1	1	1
34	07	2	1	1	1	1	1	2
34	07	7	2	1	1	0	0	1
34	08	4	2	2	0	1	0	1
34	08	5	3	2	0	0	1	1
34	08	6	3	2	0	0	0	2
34	08	9	2	1	0	0	0	1
34	08	2	2	1	0	1	1	1
34	08	7	2	2	1	0	0	2
34	08	0	2	2	0	0	0	3
34	09	4	4	2	0	0	0	1
34	09	5	3	2	0	0	0	1
34	09	6	2	2	0	0	1	1
34	09	9	2	1	0	0	1	1
34	09	2	1	1	0	1	1	2
34	09	7	1	1	0	1	0	1
34	10	4	4	2	0	0	0	2
34	10	5	2	2	1	0	0	1
34	10	6	3	2	0	1	0	2
34	10	9	2	1	0	0	1	1
34	10	2	2	2	0	1	0	1
34	10	7	1	2	0	1	1	1
34	11	4	3	2	0	1	1	1
34	11	5	4	2	0	0	0	2
34	11	6	2	2	1	0	0	1
34	11	9	2	1	0	0	0	2
34	11	2	3	2	0	1	0	1
34	11	7	2	2	0	1	0	2
34	12	4	2	1	0	0	1	1
34	12	5	2	1	0	0	0	1
34	12	6	2	1	0	0	0	1
34	12	9	1	1	0	0	1	1
34	12	2	1	1	0	1	0	1
34	12	7	1	1	1	1	0	1
34	13	4	3	2	1	0	0	2
34	13	5	3	2	0	1	0	2
34	13	6	3	2	0	0	0	2
34	13	9	1	1	0	1	1	1
34	13	2	2	1	0	1	1	2
34	13	7	2	2	0	0	0	2
34	14	4	2	1	0	1	0	2
34	14	5	4	1	0	0	0	2
34	14	6	2	2	0	0	0	1
34	14	9	1	1	0	1	0	1
34	14	2	2	1	0	1	0	2
34	14	7	2	1	0	1	0	1
35	01	4	3	2	1	0	1	1
35	01	5	3	2	1	0	0	2
35	01	6	1	2	0	0	0	1
35	01	9	3	1	1	0	0	2
35	01	2	2	2	1	0	0	1
35	01	7	1	2	1	1	0	1
35	02	4	1	1	1	0	0	1
35	02	5	3	2	1	0	0	2
35	02	6	2	2	0	0	0	2
35	02	9	2	1	0	0	0	1
35	02	2	2	1	1	0	0	2
35	02	7	1	1	0	1	0	1
35	03	4	2	2	1	0	1	1
35	03	5	2	1	0	0	0	1
35	03	6	1	2	0	0	0	2
35	03	9	2	1	0	0	0	1
35	03	2	1	1	1	1	1	1
35	03	7	1	1	1	1	1	1
35	04	4	2	3	1	0	0	1
35	04	5	3	2	0	0	1	1
35	04	6	1	2	0	1	1	2
35	04	9	2	1	1	0	0	1
35	04	2	2	2	1	1	0	1
35	04	7	1	2	1	1	0	1
35	05	4	2	2	1	0	0	1
35	05	5	2	2	0	0	0	1
35	05	6	1	2	0	0	0	2
35	05	9	1	1	1	0	0	1
35	05	2	1	1	1	1	0	1
35	05	7	1	2	0	1	1	1
35	06	4	4	2	0	0	0	1
35	06	5	3	2	0	0	0	1
35	06	6	2	2	0	0	0	2
35	06	9	3	1	0	0	0	2
35	06	2	3	2	0	1	0	1
35	06	7	1	2	1	1	0	1
35	07	4	1	2	0	1	0	1
35	07	5	5	2	0	0	0	2
35	07	6	2	2	0	0	0	2
35	07	9	2	1	0	0	1	1
35	07	2	1	1	1	0	0	1
35	07	7	1	2	0	1	0	1
35	08	4	1	3	1	0	1	1
35	08	5	2	1	0	0	1	1
35	08	6	2	2	0	0	0	2
35	08	9	2	1	0	0	1	2
35	08	2	2	2	1	1	0	2
35	08	7	1	2	1	1	0	1
35	09	4	3	2	0	1	0	1
35	09	5	3	2	0	0	1	2
35	09	6	2	2	0	0	0	2
35	09	9	3	2	0	0	1	2
35	09	2	2	2	1	1	0	1
35	09	7	1	2	1	0	0	1
35	10	4	2	2	0	0	1	1
35	10	5	2	2	0	1	0	1
35	10	6	1	2	0	0	0	2
35	10	9	2	1	1	0	1	1
35	10	2	1	2	1	1	0	1
35	10	7	1	2	1	0	0	1
35	11	4	1	1	1	1	0	1
35	11	5	2	1	0	0	1	1
35	11	6	1	2	0	0	0	2
35	11	9	2	1	1	0	0	1
35	11	2	1	1	1	0	0	1
35	11	7	1	2	1	1	0	1
35	12	4	1	3	1	0	1	1
35	12	5	2	2	0	0	0	1
35	12	6	1	2	0	0	0	2
35	12	9	3	2	1	0	0	2
35	12	2	1	2	1	1	1	1
35	12	7	1	1	0	1	1	1
35	13	4	1	1	1	0	0	1
35	13	5	3	2	0	0	1	1
35	13	6	1	2	0	0	0	2
35	13	9	3	1	1	0	0	2
35	13	2	1	2	1	1	1	1
35	13	7	1	2	1	1	1	1
35	14	4	2	2	0	0	0	1
35	14	5	3	1	0	0	0	2
35	14	6	2	2	0	0	0	2
35	14	9	2	1	1	0	1	2
35	14	2	1	2	1	1	0	1
35	14	7	1	2	1	1	0	1
35	15	4	3	3	0	0	0	1
35	15	5	4	2	0	0	0	2
35	15	6	3	2	0	0	0	2
35	15	9	2	1	0	0	1	2
35	15	2	2	2	1	1	1	2
35	15	7	2	2	1	0	0	2
35	16	4	3	2	1	0	0	1
35	16	5	3	2	0	0	0	1
35	16	6	2	2	0	0	0	2
35	16	9	3	2	0	0	1	1
35	16	2	1	1	1	1	0	1
35	16	7	1	1	0	1	0	1
35	17	4	2	2	1	0	0	1
35	17	5	3	2	0	0	1	1
35	17	6	2	2	0	0	0	2
35	17	9	2	2	0	0	1	1
35	17	2	2	2	1	0	0	2
35	17	7	1	3	1	1	0	1
35	18	4	4	2	0	0	0	2
35	18	5	3	2	0	1	0	1
35	18	6	3	2	0	0	0	2
35	18	9	3	2	1	0	0	2
35	18	2	3	2	1	1	0	1
35	18	7	1	3	0	1	0	1
36	01	4	3	3	0	0	0	2
36	01	5	3	2	0	0	1	1
36	01	6	3	2	0	0	0	1
36	01	9	2	1	0	0	1	1
36	01	2	2	2	0	1	1	1
36	01	7	2	2	0	1	0	2
36	02	4	4	3	0	0	0	2
36	02	5	5	2	0	0	0	2
36	02	6	4	2	0	0	0	2
36	02	9	4	2	0	0	1	2
36	02	2	4	2	0	0	0	2
36	02	7	3	2	0	0	0	2
36	03	4	3	3	0	0	0	2
36	03	5	4	2	0	0	0	2
36	03	6	5	2	0	0	0	2
36	03	9	3	2	0	0	1	2
36	03	2	4	2	0	1	0	2
36	03	7	3	2	1	1	0	2
36	04	4	3	1	1	0	1	2
36	04	5	3	2	0	0	1	2
36	04	6	3	2	0	0	0	2
36	04	9	2	1	0	1	1	2
36	04	2	2	1	0	0	1	2
36	04	7	2	2	0	1	0	2
36	05	4	3	2	0	0	0	2
36	05	5	3	3	0	0	0	2
36	05	6	4	2	0	0	0	2
36	05	9	4	3	0	0	0	3
36	05	2	2	2	0	1	1	1
36	05	7	2	2	0	1	0	2
36	06	4	1	3	0	0	0	1
36	06	5	4	2	0	0	0	1
36	06	6	2	2	0	0	0	2
36	06	9	2	2	0	0	1	2
36	06	2	1	2	0	1	1	1
36	06	7	2	3	0	1	0	1
36	07	4	2	3	0	0	0	1
36	07	5	2	3	1	0	0	1
36	07	6	2	2	0	0	0	2
36	07	9	3	2	0	0	0	1
36	07	2	3	3	0	0	0	1
36	07	7	1	3	1	1	0	1
36	08	4	3	3	0	0	0	1
36	08	5	4	2	0	0	0	2
36	08	6	2	3	0	0	0	2
36	08	9	3	2	0	0	0	1
36	08	2	2	2	0	0	1	1
36	08	7	1	3	0	1	0	1
36	09	4	3	3	0	0	0	1
36	09	5	4	2	0	0	0	1
36	09	6	2	3	0	0	0	2
36	09	9	2	1	0	0	1	1
36	09	2	2	2	0	1	0	1
36	09	7	1	3	0	1	0	1
36	10	4	3	3	0	0	0	1
36	10	5	2	2	1	0	0	1
36	10	6	3	3	0	0	0	2
36	10	9	3	2	0	0	0	1
36	10	2	1	2	0	1	1	1
36	10	7	1	2	1	1	1	1
36	11	4	4	3	0	0	0	2
36	11	5	4	2	0	0	0	3
36	11	6	4	2	0	0	0	2
36	11	9	3	2	0	0	0	3
36	11	2	2	2	1	1	1	3
36	11	7	2	3	1	1	0	1
36	12	4	3	3	0	0	1	1
36	12	5	3	3	0	0	1	2
36	12	6	3	2	0	0	0	2
36	12	9	2	1	0	0	1	2
36	12	2	2	2	0	1	1	2
36	12	7	1	2	0	1	0	1
36	13	4	3	3	0	0	0	3
36	13	5	3	3	0	0	1	1
36	13	6	3	2	0	0	0	2
36	13	9	2	2	0	0	1	1
36	13	2	2	2	0	1	1	2
36	13	7	1	3	1	1	0	1
36	14	4	3	3	0	0	0	2
36	14	5	2	3	1	0	0	3
36	14	6	3	2	0	0	0	3
36	14	9	2	1	0	1	1	2
36	14	2	3	2	0	1	0	2
36	14	7	2	3	1	0	0	1
36	15	4	3	3	0	0	0	2
36	15	5	2	3	1	0	0	1
36	15	6	3	2	0	1	0	2
36	15	9	2	1	0	0	1	1
36	15	2	2	2	0	1	1	2
36	15	7	1	3	1	1	0	1
37	01	4	3	2	0	0	1	3
37	01	5	4	2	0	0	1	2
37	01	6	5	2	0	0	0	2
37	01	9	3	2	0	0	1	2
37	01	2	4	2	1	0	0	2
37	01	7	3	2	0	0	0	2
37	03	4	3	2	0	0	0	2
37	03	5	5	2	0	0	0	2
37	03	6	5	2	0	0	0	2
37	03	9	4	1	0	0	1	2
37	03	2	4	2	1	0	0	2
37	03	7	3	2	0	0	0	2
37	04	4	4	2	0	0	0	2
37	04	5	5	2	0	0	0	2
37	04	6	4	2	0	0	0	2
37	04	9	5	2	0	0	0	2
37	04	2	5	2	0	0	0	2
37	04	7	2	3	0	1	0	2
37	05	4	4	2	0	1	0	2
37	05	5	5	2	0	0	0	2
37	05	6	4	2	0	0	0	2
37	05	9	5	2	0	0	0	2
37	05	2	5	2	0	0	0	2
37	05	7	2	3	1	0	0	2
37	06	4	3	1	0	0	1	3
37	06	5	3	2	0	0	0	3
37	06	6	4	2	0	0	0	2
37	06	9	4	2	0	0	0	3
37	06	2	5	2	0	0	0	2
37	06	7	2	2	0	0	0	2
37	07	4	3	2	0	0	0	2
37	07	5	5	2	0	0	0	2
37	07	6	4	2	0	0	0	2
37	07	9	5	2	0	0	0	2
37	07	2	3	2	0	0	0	1
37	07	7	2	2	0	1	0	1
37	08	4	3	3	0	0	0	2
37	08	5	3	3	0	0	0	1
37	08	6	3	2	0	0	0	2
37	08	9	5	2	0	0	0	2
37	08	2	3	2	0	0	0	1
37	08	7	1	3	1	1	0	1
37	09	4	2	3	0	0	0	1
37	09	5	3	2	0	0	1	1
37	09	6	2	2	0	0	0	2
37	09	9	4	2	0	0	0	1
37	09	2	4	2	0	0	0	2
37	09	7	1	2	1	1	0	1
37	10	4	4	2	0	0	0	2
37	10	5	4	2	0	0	0	2
37	10	6	4	2	0	0	0	2
37	10	9	4	1	0	0	0	2
37	10	2	4	2	0	0	0	2
37	10	7	2	2	1	1	0	2
37	11	4	4	2	0	0	0	2
37	11	5	4	3	0	0	0	2
37	11	6	4	2	0	0	0	2
37	11	9	5	2	0	0	0	2
37	11	2	4	2	0	0	1	2
37	11	7	3	2	1	1	0	2
37	12	4	3	3	0	0	0	1
37	12	5	4	3	0	0	0	2
37	12	6	4	2	0	0	0	2
37	12	9	4	2	0	0	0	1
37	12	2	3	2	0	0	0	2
37	12	7	2	2	0	1	0	2
37	13	4	3	3	0	0	0	1
37	13	5	5	2	0	0	0	2
37	13	6	5	2	0	0	0	2
37	13	9	5	2	0	0	0	2
37	13	2	5	2	0	0	0	2
37	13	7	3	2	0	0	0	2
37	14	4	4	2	0	0	0	2
37	14	5	4	2	0	0	0	2
37	14	6	5	2	0	0	0	2
37	14	9	3	1	0	0	1	2
37	14	2	5	2	0	0	0	2
37	14	7	3	2	0	1	0	2
37	15	4	4	3	0	0	0	2
37	15	5	3	3	0	0	0	2
37	15	6	4	2	0	0	0	2
37	15	9	5	2	0	0	0	2
37	15	2	4	2	0	0	0	2
37	15	7	2	2	0	1	0	2
38	01	4	3	2	0	0	0	2
38	01	10	1	1	1	1	1	1
38	01	5	4	2	0	0	0	2
38	01	6	3	2	0	0	0	1
38	01	3	2	2	0	0	1	2
38	01	7	1	3	1	1	0	2
38	02	4	2	1	0	0	1	2
38	02	10	2	1	0	1	1	1
38	02	5	3	2	0	0	0	1
38	02	6	4	2	0	0	0	2
38	02	3	4	2	0	0	0	2
38	02	7	2	2	1	0	0	2
38	03	4	3	2	0	0	1	1
38	03	10	1	1	0	1	1	1
38	03	5	4	2	0	0	0	2
38	03	6	4	2	0	0	0	2
38	03	3	4	2	0	0	0	2
38	03	7	2	2	1	1	0	2
38	04	4	4	2	0	0	0	2
38	04	10	3	2	0	1	0	2
38	04	5	2	1	0	0	0	1
38	04	6	5	2	0	0	0	2
38	04	3	4	2	0	0	0	2
38	04	7	2	2	0	1	0	1
38	05	4	4	2	0	0	0	2
38	05	10	2	2	0	1	0	1
38	05	5	4	2	0	0	0	1
38	05	6	4	2	0	0	0	2
38	05	3	3	2	0	0	0	2
38	05	7	2	2	0	1	0	1
38	07	4	2	3	0	0	0	1
38	07	10	2	2	0	1	0	1
38	07	5	2	1	0	1	0	1
38	07	6	2	2	0	0	0	1
38	07	3	4	2	0	0	0	2
38	07	7	1	3	0	1	0	1
38	08	4	3	2	0	0	0	1
38	08	10	2	1	0	1	0	1
38	08	5	2	2	1	0	0	2
38	08	6	3	2	0	0	0	1
38	08	3	4	2	0	0	0	2
38	08	7	1	2	0	1	1	1
38	09	4	2	2	0	0	0	1
38	09	10	4	2	0	0	0	2
38	09	5	4	2	0	0	0	2
38	09	6	3	2	0	0	0	1
38	09	3	3	2	0	0	1	1
38	09	7	2	3	0	1	0	2
38	10	4	4	3	0	0	0	2
38	10	10	3	2	0	0	0	1
38	10	5	3	3	1	0	0	3
38	10	6	3	3	0	0	0	1
38	10	3	2	2	0	0	1	1
38	10	7	2	2	0	1	0	1
38	11	4	2	3	1	0	0	1
38	11	10	3	2	0	0	1	2
38	11	5	3	3	0	0	0	1
38	11	6	1	1	0	0	0	1
38	11	3	2	2	0	0	1	1
38	11	7	1	2	1	1	0	1
38	12	4	3	1	0	0	0	1
38	12	10	2	2	0	1	1	3
38	12	5	2	3	1	0	0	1
38	12	6	2	2	0	0	0	1
38	12	3	1	2	0	0	0	1
38	12	7	1	2	0	1	1	1
38	13	4	4	2	0	0	0	1
38	13	10	2	1	0	1	1	3
38	13	5	3	2	0	0	0	1
38	13	6	2	2	0	0	0	1
38	13	3	3	3	0	0	0	1
38	13	7	1	2	0	1	0	1
38	14	4	2	3	0	0	1	1
38	14	10	2	2	0	1	1	2
38	14	5	2	1	0	0	0	1
38	14	6	2	2	0	0	0	1
38	14	3	3	2	0	0	0	1
38	14	7	1	2	1	1	0	1
38	15	4	3	3	0	0	0	1
38	15	10	2	2	0	1	1	2
38	15	5	3	2	0	0	0	1
38	15	6	2	2	0	0	0	1
38	15	3	4	2	0	0	0	1
38	15	7	1	2	1	0	0	1
38	16	4	2	3	0	0	1	1
38	16	10	1	1	0	1	1	3
38	16	5	4	2	0	0	0	2
38	16	6	2	2	0	0	0	1
38	16	3	2	2	0	0	1	2
38	16	7	2	2	0	1	0	2
39	01	4	3	1	0	0	1	2
39	01	10	1	1	1	1	1	1
39	01	5	2	1	0	0	1	1
39	01	6	2	1	1	1	0	1
39	01	3	3	1	0	0	0	2
39	01	7	1	1	1	1	1	1
39	02	4	3	2	0	0	0	1
39	02	10	3	2	0	1	0	1
39	02	5	2	1	1	0	0	1
39	02	6	2	2	1	0	0	1
39	02	3	4	3	0	0	0	2
39	02	7	1	1	0	1	0	1
39	03	4	2	1	0	1	1	1
39	03	10	2	1	1	1	0	2
39	03	5	1	1	1	0	1	1
39	03	6	3	2	0	1	0	2
39	03	3	3	2	0	0	1	2
39	03	7	2	1	1	1	0	2
39	04	4	3	2	0	0	1	1
39	04	10	3	2	1	0	0	2
39	04	5	2	1	1	0	0	1
39	04	6	3	2	0	0	0	2
39	04	3	5	2	0	0	0	2
39	04	7	1	2	0	1	0	1
39	05	4	4	2	0	0	0	2
39	05	10	3	2	1	0	0	2
39	05	5	3	2	0	0	0	1
39	05	6	4	2	0	0	0	2
39	05	3	3	2	0	0	0	2
39	05	7	1	2	1	0	0	1
39	06	4	2	2	0	1	1	1
39	06	10	2	2	0	1	0	1
39	06	5	3	2	0	0	0	1
39	06	6	4	2	0	0	0	2
39	06	3	3	2	0	0	1	2
39	06	7	1	2	1	1	0	1
39	07	4	3	2	0	0	0	1
39	07	10	1	1	0	1	1	1
39	07	5	3	1	0	0	0	1
39	07	6	3	2	0	0	0	2
39	07	3	2	2	0	0	1	1
39	07	7	1	2	0	1	0	1
39	08	4	3	2	0	0	1	1
39	08	10	1	2	0	1	1	1
39	08	5	4	2	0	0	0	2
39	08	6	2	2	0	0	0	1
39	08	3	4	2	0	0	1	2
39	08	7	1	1	0	1	0	1
39	09	4	3	2	0	0	0	1
39	09	10	2	2	0	1	0	2
39	09	5	4	1	1	0	0	1
39	09	6	3	2	0	0	0	2
39	09	3	5	2	0	0	0	2
39	09	7	2	2	0	1	0	2
39	10	4	4	2	0	0	0	2
39	10	10	3	2	0	1	0	2
39	10	5	2	1	0	1	0	1
39	10	6	4	2	0	0	0	2
39	10	3	5	2	0	0	0	2
39	10	7	2	2	0	1	0	2
39	10	0	4	2	0	0	0	2
39	11	4	3	2	0	0	0	1
39	11	10	2	2	0	0	1	1
39	11	5	3	2	0	0	0	1
39	11	6	3	2	0	0	0	2
39	11	3	3	2	0	0	0	1
39	11	7	1	2	0	1	0	1
40	01	4	4	2	0	0	0	2
40	01	10	4	2	0	0	0	2
40	01	5	3	2	0	0	1	2
40	01	6	4	2	0	0	0	2
40	01	3	5	2	0	0	0	2
40	01	7	2	2	0	1	0	2
40	02	4	5	2	0	0	0	2
40	02	10	4	2	0	0	0	2
40	02	5	5	2	0	0	0	1
40	02	6	3	2	0	0	0	2
40	02	3	5	2	0	0	0	2
40	02	7	2	2	0	0	0	2
40	03	4	4	2	0	0	0	2
40	03	10	4	2	0	0	0	2
40	03	5	2	1	0	0	1	1
40	03	6	4	2	0	0	0	2
40	03	3	4	2	0	0	0	1
40	03	7	2	2	0	1	0	2
40	04	4	4	2	0	0	0	1
40	04	10	3	2	0	0	0	1
40	04	5	3	2	0	1	0	2
40	04	6	3	2	0	0	0	2
40	04	3	4	2	0	0	0	1
40	04	7	1	2	1	1	0	1
40	05	4	5	2	0	0	0	2
40	05	10	4	2	0	0	0	2
40	05	5	3	2	0	0	0	1
40	05	6	2	2	0	0	0	2
40	05	3	4	2	0	0	0	1
40	05	7	1	2	1	1	0	1
40	06	4	2	2	0	0	0	1
40	06	10	2	2	0	0	1	1
40	06	5	1	1	0	0	1	1
40	06	6	2	2	0	0	0	1
40	06	3	2	2	0	0	0	1
40	06	7	1	2	1	1	0	1
40	07	4	2	2	0	0	1	1
40	07	10	2	1	1	1	0	1
40	07	5	3	2	0	0	0	1
40	07	6	2	2	0	1	0	1
40	07	3	3	2	0	0	1	1
40	07	7	1	1	0	1	0	1
40	08	4	1	2	0	0	0	1
40	08	10	2	2	0	0	1	1
40	08	5	4	2	0	0	0	2
40	08	6	2	2	0	0	0	1
40	08	3	2	2	0	0	0	1
40	08	7	1	1	1	1	0	1
40	09	4	4	2	0	0	0	1
40	09	10	2	2	1	0	0	1
40	09	5	4	2	0	0	0	2
40	09	6	2	2	0	0	0	2
40	09	3	3	2	0	0	0	1
40	09	7	1	2	0	1	1	1
40	10	4	4	2	0	0	0	1
40	10	10	2	2	1	0	0	1
40	10	5	5	2	0	0	0	2
40	10	6	2	2	0	0	0	2
40	10	3	2	2	0	0	0	1
40	10	7	2	2	0	1	0	1
40	11	4	2	2	0	0	0	1
40	11	10	1	1	1	0	1	1
40	11	5	2	2	0	0	1	1
40	11	6	2	2	0	1	0	1
40	11	3	2	2	0	0	1	1
40	11	7	1	1	0	1	1	1
40	12	4	1	1	0	1	1	1
40	12	10	1	1	1	1	1	1
40	12	5	2	1	0	0	0	1
40	12	6	1	1	0	1	0	1
40	12	3	1	2	0	0	1	1
40	12	7	1	1	0	1	0	1
40	13	4	4	2	0	0	0	3
40	13	10	1	1	1	0	1	1
40	13	5	4	2	0	0	0	2
40	13	6	3	2	0	1	0	2
40	13	3	3	2	0	0	1	1
40	13	7	1	2	1	0	0	1
40	14	4	4	2	0	0	0	2
40	14	10	3	2	0	0	1	3
40	14	5	3	2	0	0	0	1
40	14	6	4	2	0	0	0	2
40	14	3	4	2	0	0	1	2
40	14	7	2	2	0	0	0	1
40	15	4	2	3	0	0	0	1
40	15	10	3	2	0	0	0	1
40	15	5	3	2	0	0	1	1
40	15	6	2	2	0	0	0	1
40	15	3	4	2	0	0	0	1
40	15	7	1	1	0	1	1	1
40	16	4	4	2	0	0	1	2
40	16	10	2	1	0	1	0	1
40	16	5	4	2	0	0	0	2
40	16	6	3	2	0	0	0	2
40	16	3	5	2	0	0	0	2
40	16	7	2	2	0	1	0	2
40	17	4	4	2	0	0	0	2
40	17	10	3	2	0	1	0	2
40	17	5	5	2	0	0	0	2
40	17	6	3	2	0	0	0	2
40	17	3	4	2	0	0	0	2
40	17	7	3	1	0	1	0	2
40	18	4	2	2	0	0	1	1
40	18	10	1	1	1	1	1	1
40	18	5	3	2	0	0	0	1
40	18	6	2	2	0	0	0	1
40	18	3	2	2	0	0	1	2
40	18	7	1	2	0	1	0	1
40	19	4	2	2	0	0	0	1
40	19	10	1	1	0	0	1	1
40	19	5	3	2	0	0	1	1
40	19	6	2	2	0	0	0	2
40	19	3	2	2	0	0	1	1
40	19	7	1	2	0	1	0	1
40	20	4	1	3	0	0	1	1
40	20	10	2	2	0	0	1	1
40	20	5	5	2	0	0	0	2
40	20	6	2	2	0	0	0	2
40	20	3	2	2	0	0	1	1
40	20	7	1	1	1	0	0	1
41	01	4	4	2	0	0	0	2
41	01	10	1	1	0	0	1	3
41	01	5	4	2	0	0	0	2
41	01	6	4	2	0	0	0	2
41	01	3	4	2	0	0	0	3
41	01	7	2	2	0	1	0	2
41	02	4	4	2	0	0	0	2
41	02	10	3	2	0	0	0	2
41	02	5	3	2	0	0	1	2
41	02	6	5	2	0	0	0	2
41	02	3	5	2	0	0	0	2
41	02	7	3	2	0	0	0	2
41	03	4	3	2	0	1	0	3
41	03	10	2	2	0	1	0	3
41	03	5	5	2	0	0	0	2
41	03	6	5	2	0	0	0	2
41	03	3	3	2	0	1	0	3
41	03	7	4	2	0	0	0	2
41	04	4	3	3	0	0	0	2
41	04	10	2	2	1	1	0	3
41	04	5	3	2	0	0	1	2
41	04	6	4	2	0	0	0	2
41	04	3	4	2	0	1	0	2
41	04	7	3	2	0	0	0	2
41	05	4	4	2	0	0	0	2
41	05	10	2	2	1	1	0	3
41	05	5	2	3	1	1	0	3
41	05	6	4	2	0	0	0	2
41	05	3	5	2	0	0	0	3
41	05	7	4	2	0	0	0	2
41	06	4	3	3	0	0	0	2
41	06	10	4	2	0	1	0	2
41	06	5	5	2	0	0	0	2
41	06	6	4	2	0	0	0	2
41	06	3	3	3	0	1	0	2
41	06	7	4	2	0	0	0	2
41	07	4	3	2	0	0	0	3
41	07	10	1	1	0	1	1	2
41	07	5	4	2	0	0	0	3
41	07	6	3	2	0	0	0	2
41	07	3	4	2	0	0	1	2
41	07	7	3	2	0	0	0	2
41	08	4	3	2	1	1	0	3
41	08	10	2	1	0	1	0	2
41	08	5	3	3	0	0	1	3
41	08	6	3	2	0	0	0	2
41	08	3	2	2	0	0	0	3
41	08	7	4	2	0	0	0	2
41	09	4	3	2	0	0	0	2
41	09	10	2	2	0	1	1	2
41	09	5	3	1	0	0	0	1
41	09	6	2	2	0	1	0	2
41	09	3	4	3	0	1	0	2
41	09	7	2	2	0	1	0	2
41	10	4	2	2	0	0	0	1
41	10	10	1	2	0	1	1	1
41	10	5	3	3	0	1	0	2
41	10	6	1	2	0	1	0	1
41	10	3	1	3	0	1	1	3
41	10	7	1	2	1	1	0	1
41	11	4	3	2	0	0	0	1
41	11	10	1	1	0	1	1	3
41	11	5	4	2	0	0	0	2
41	11	6	3	2	0	0	0	2
41	11	3	2	2	0	1	0	3
41	11	7	1	2	0	1	0	1
41	12	4	4	2	0	0	0	2
41	12	10	3	2	0	1	0	2
41	12	5	4	2	0	0	0	2
41	12	6	3	2	0	0	0	2
41	12	3	3	2	0	1	0	2
41	12	7	2	2	0	1	1	1
41	13	4	3	3	0	1	0	1
41	13	10	2	2	0	1	1	3
41	13	5	4	2	0	0	0	2
41	13	6	3	2	0	0	0	2
41	13	3	4	2	0	1	0	2
41	13	7	2	2	0	1	0	1
41	14	4	2	2	0	0	1	1
41	14	10	1	3	0	1	1	2
41	14	5	3	3	0	0	0	1
41	14	6	3	2	0	0	0	2
41	14	3	3	1	0	0	1	2
41	14	7	2	2	1	0	0	1
41	15	4	3	2	0	1	1	1
41	15	10	2	2	0	1	0	3
41	15	5	3	3	0	0	1	2
41	15	6	3	2	0	0	0	2
41	15	3	3	2	0	1	0	3
41	15	7	1	2	0	1	0	1
44	01	4	3	3	0	0	1	1
44	01	10	4	2	0	0	0	2
44	01	5	3	2	0	0	1	1
44	01	6	3	2	0	0	0	2
44	01	3	3	2	0	1	0	2
44	01	7	3	2	0	0	0	2
44	02	4	4	2	0	0	0	2
44	02	10	3	2	0	0	1	2
44	02	5	5	2	0	0	0	2
44	02	6	4	2	0	0	0	2
44	02	3	4	2	0	1	0	2
44	02	7	3	2	0	0	0	2
44	03	4	3	3	0	1	0	1
44	03	10	5	2	0	0	0	2
44	03	5	5	2	0	0	0	2
44	03	6	3	3	0	0	0	2
44	03	3	2	2	1	0	0	1
44	03	7	3	2	0	1	0	2
44	04	4	4	2	0	0	0	2
44	04	10	5	2	0	0	0	2
44	04	5	5	2	0	0	0	2
44	04	6	3	2	0	0	0	2
44	04	3	5	2	0	0	0	2
44	04	7	2	3	0	1	0	1
44	05	4	3	3	0	0	0	2
44	05	10	5	2	0	0	0	2
44	05	5	5	2	0	0	0	2
44	05	6	4	2	0	0	0	3
44	05	3	4	2	0	0	0	2
44	05	7	3	3	0	1	0	2
44	06	4	4	2	0	0	0	2
44	06	10	3	2	0	0	0	1
44	06	5	3	2	0	0	0	1
44	06	6	3	2	0	0	0	2
44	06	3	2	2	0	1	0	1
44	06	7	3	2	1	0	0	2
44	07	4	2	3	0	0	0	1
44	07	10	3	2	0	0	0	1
44	07	5	3	1	0	0	0	1
44	07	6	2	2	0	0	0	1
44	07	3	3	2	0	0	0	1
44	07	7	2	2	0	1	0	1
44	08	4	2	2	1	0	0	1
44	08	10	3	2	0	0	0	1
44	08	5	3	2	0	0	1	1
44	08	6	2	2	0	0	0	1
44	08	3	3	2	0	1	0	1
44	08	7	1	2	1	1	0	1
44	09	4	2	2	0	0	1	1
44	09	10	4	2	0	0	0	2
44	09	5	3	3	0	0	1	1
44	09	6	3	2	0	0	0	2
44	09	3	3	2	0	1	0	1
44	09	7	2	2	0	1	0	2
44	10	4	4	2	0	0	0	2
44	10	10	4	2	0	0	0	2
44	10	5	4	2	0	0	0	2
44	10	6	4	2	0	0	0	2
44	10	3	4	3	0	1	0	2
44	10	7	3	2	0	0	0	2
44	11	4	4	2	0	0	0	2
44	11	10	4	2	0	0	0	2
44	11	5	4	2	0	0	0	2
44	11	6	4	2	0	1	0	2
44	11	3	4	2	0	1	0	2
44	11	7	3	2	0	0	0	2
44	12	4	4	2	0	1	0	2
44	12	10	5	2	0	0	0	2
44	12	5	4	2	0	0	0	2
44	12	6	5	2	0	0	0	2
44	12	3	4	2	0	1	0	2
44	12	7	4	2	0	0	0	2
44	13	4	4	2	0	0	0	2
44	13	10	4	2	0	0	0	2
44	13	5	4	2	0	0	0	2
44	13	6	3	2	0	0	0	2
44	13	3	3	2	0	1	0	1
44	13	7	2	2	0	1	0	1
44	14	4	4	2	0	0	0	2
44	14	10	4	2	0	0	0	2
44	14	5	5	2	0	0	0	2
44	14	6	4	2	0	0	0	2
44	14	3	3	2	0	1	0	2
44	14	7	3	2	0	0	1	2
44	15	4	4	2	0	0	0	2
44	15	10	4	2	0	0	0	2
44	15	5	3	2	0	0	1	2
44	15	6	5	2	0	0	0	2
44	15	3	4	2	0	1	0	2
44	15	7	4	2	0	0	0	2
44	16	4	4	2	0	0	0	2
44	16	10	5	2	0	0	0	2
44	16	5	3	2	0	0	0	1
44	16	6	3	2	0	0	0	2
44	16	3	3	2	0	1	0	1
44	16	7	2	2	0	1	0	1
44	16	0	2	1	0	0	0	1
44	17	4	4	3	0	0	0	2
44	17	10	4	2	0	0	0	2
44	17	5	5	2	0	0	0	2
44	17	6	3	2	0	0	0	2
44	17	3	3	3	1	0	0	2
44	17	7	2	2	0	1	0	2
44	18	4	3	2	0	0	0	1
44	18	10	2	3	0	0	1	1
44	18	5	4	2	0	0	0	2
44	18	6	3	2	0	0	0	1
44	18	3	3	2	0	0	1	2
44	18	7	3	2	0	1	0	2
45	01	4	4	2	0	0	0	2
45	01	10	2	1	1	0	0	2
45	01	5	2	1	0	1	0	1
45	01	6	3	2	1	1	0	2
45	01	3	3	2	1	0	0	2
45	01	7	2	2	0	1	0	2
45	02	4	2	2	0	0	1	1
45	02	10	2	2	1	1	0	2
45	02	5	4	2	0	0	0	1
45	02	6	2	2	1	0	0	1
45	02	3	2	2	1	1	0	2
45	02	7	2	2	0	1	0	2
45	03	4	4	2	0	0	0	2
45	03	10	2	2	1	1	0	2
45	03	5	5	2	0	0	0	2
45	03	6	4	2	0	0	0	2
45	03	3	4	2	1	0	0	2
45	03	7	3	2	0	0	0	2
45	04	4	3	2	1	0	0	3
45	04	10	2	2	0	1	0	2
45	04	5	3	2	0	0	1	3
45	04	6	2	2	0	0	0	2
45	04	3	2	2	1	0	0	2
45	04	7	3	2	0	1	0	2
45	05	4	3	3	0	0	0	1
45	05	10	3	2	0	1	0	2
45	05	5	4	2	0	0	0	1
45	05	6	2	3	0	0	0	2
45	05	3	4	2	0	0	1	2
45	05	7	2	3	0	1	0	2
45	06	4	3	1	0	0	0	2
45	06	10	2	2	1	1	0	2
45	06	5	4	2	0	0	0	2
45	06	6	2	3	0	1	0	2
45	06	3	3	3	0	0	0	3
45	06	7	3	2	0	0	0	2
45	07	4	4	2	0	0	0	2
45	07	10	3	2	0	1	0	2
45	07	5	5	2	0	0	0	2
45	07	6	5	2	0	0	0	2
45	07	3	4	2	1	0	0	2
45	07	7	4	2	0	0	0	2
45	08	4	4	2	0	0	0	2
45	08	10	2	2	1	1	0	2
45	08	5	5	2	0	0	0	2
45	08	6	3	2	0	0	0	2
45	08	3	4	2	0	1	0	2
45	08	7	3	2	0	0	0	2
45	09	4	3	2	0	1	0	2
45	09	10	2	2	1	1	0	2
45	09	5	5	2	0	0	0	2
45	09	6	4	2	1	0	0	2
45	09	3	5	2	0	0	0	2
45	09	7	4	2	0	1	0	2
45	10	4	5	2	0	0	0	2
45	10	10	1	3	1	1	0	2
45	10	5	4	3	0	0	0	2
45	10	6	3	2	0	0	0	2
45	10	3	3	3	0	0	0	3
45	10	7	4	2	1	0	0	2
45	11	4	4	3	0	0	0	2
45	11	10	2	2	1	1	0	2
45	11	5	4	2	0	0	0	2
45	11	6	4	2	0	0	0	2
45	11	3	4	2	0	0	0	2
45	11	7	4	2	0	1	0	2
45	12	4	4	3	0	0	0	2
45	12	10	3	2	1	0	0	2
45	12	5	4	2	0	0	0	2
45	12	6	3	2	0	0	0	2
45	12	3	3	3	1	0	1	2
45	12	7	4	2	0	1	0	2
45	13	4	3	3	0	0	1	2
45	13	10	3	2	1	0	0	2
45	13	5	2	3	1	0	0	3
45	13	6	4	2	0	0	0	2
45	13	3	2	3	1	0	0	2
45	13	7	4	2	1	0	0	2
45	14	4	3	2	1	0	0	2
45	14	10	3	2	1	0	0	2
45	14	5	3	2	1	0	0	2
45	14	6	3	2	0	0	0	2
45	14	3	2	2	1	0	0	1
45	14	7	2	2	0	1	0	1
45	15	4	2	3	0	0	0	1
45	15	10	3	2	1	0	0	2
45	15	5	4	2	0	0	0	1
45	15	6	3	2	0	0	0	2
45	15	3	2	3	1	0	0	2
45	15	7	2	2	0	1	0	1
46	01	4	3	1	0	0	1	3
46	01	10	3	2	0	0	0	3
46	01	5	4	2	0	0	0	2
46	01	6	3	1	0	0	0	2
46	01	3	4	2	0	0	0	3
46	01	7	3	2	0	1	0	2
46	02	4	4	2	0	0	1	2
46	02	10	3	1	0	0	0	2
46	02	5	4	1	0	0	0	2
46	02	6	3	1	0	0	0	2
46	02	3	5	2	0	0	0	2
46	02	7	3	2	0	1	0	2
46	03	4	5	2	0	0	0	2
46	03	10	4	2	0	0	0	2
46	03	5	5	2	0	0	0	2
46	03	6	3	2	0	0	0	2
46	03	3	5	2	0	0	0	2
46	03	7	3	2	0	0	0	2
46	04	4	4	2	0	0	0	2
46	04	10	4	2	0	0	0	2
46	04	5	4	2	0	0	0	2
46	04	6	3	2	0	0	0	2
46	04	3	5	2	0	0	0	2
46	04	7	3	2	0	0	0	2
46	05	4	4	2	0	0	0	2
46	05	10	3	2	0	1	0	2
46	05	5	4	2	0	0	0	2
46	05	6	2	2	0	0	0	2
46	05	3	4	2	0	0	0	2
46	05	7	2	2	0	1	0	2
46	06	4	4	2	0	0	0	2
46	06	10	3	2	0	1	0	2
46	06	5	3	2	0	1	0	1
46	06	6	3	2	0	0	0	2
46	06	3	4	2	1	0	0	2
46	06	7	2	2	0	1	0	2
46	07	4	2	1	0	0	1	1
46	07	10	2	1	0	1	1	1
46	07	5	1	1	1	0	1	1
46	07	6	2	1	0	1	0	2
46	07	3	2	1	1	0	0	1
46	07	7	2	1	1	1	0	2
46	08	4	3	2	0	0	1	3
46	08	10	3	1	0	0	0	2
46	08	5	4	2	0	0	0	2
46	08	6	3	2	0	0	0	2
46	08	3	5	2	0	0	0	2
46	08	7	3	2	0	1	0	2
46	09	4	3	1	0	1	0	2
46	09	10	3	1	0	1	0	2
46	09	5	2	1	0	1	0	2
46	09	6	3	1	1	1	0	2
46	09	3	4	2	0	1	0	2
46	09	7	4	2	0	0	1	2
46	10	4	3	2	0	0	0	2
46	10	10	2	2	0	1	0	2
46	10	5	5	2	0	0	0	2
46	10	6	4	2	0	0	0	2
46	10	3	5	2	0	0	0	2
46	10	7	4	2	0	0	0	2
46	11	4	4	2	0	0	0	2
46	11	10	3	2	0	1	0	2
46	11	5	3	3	0	0	1	2
46	11	6	4	2	0	0	0	2
46	11	3	5	2	0	0	0	2
46	11	7	4	2	0	0	0	2
47	01	4	4	2	0	0	0	2
47	01	10	2	2	0	0	1	3
47	01	5	3	2	0	1	0	1
47	01	6	3	1	0	0	0	1
47	01	3	3	2	1	0	0	2
47	01	7	2	2	0	1	0	1
47	02	4	2	1	0	0	1	1
47	02	10	1	1	0	0	1	3
47	02	5	3	1	0	0	0	1
47	02	6	2	1	0	1	0	1
47	02	3	2	1	0	0	0	1
47	02	7	1	2	0	0	0	1
47	03	4	4	1	0	0	0	2
47	03	10	2	2	0	0	1	2
47	03	5	2	1	0	0	1	1
47	03	6	3	1	0	0	0	2
47	03	3	4	2	1	1	0	2
47	03	7	1	2	1	1	0	1
47	04	4	2	1	0	0	1	1
47	04	10	1	2	0	0	1	2
47	04	5	2	1	0	0	1	1
47	04	6	3	2	0	0	0	1
47	04	3	2	2	1	0	1	2
47	04	7	3	2	0	0	0	2
47	05	4	3	2	0	0	0	2
47	05	10	1	2	0	1	1	2
47	05	5	1	1	1	0	0	1
47	05	6	3	1	0	0	0	1
47	05	3	3	2	1	0	0	2
47	05	7	2	2	0	1	0	2
47	06	4	3	1	0	0	0	2
47	06	10	1	1	0	1	1	2
47	06	5	3	1	1	0	0	1
47	06	6	3	1	0	0	0	1
47	06	3	3	1	1	0	0	2
47	06	7	3	2	0	1	0	2
47	07	4	4	2	0	0	0	2
47	07	10	2	2	0	0	1	3
47	07	5	3	2	0	0	1	1
47	07	6	3	1	0	0	0	1
47	07	3	4	2	0	0	0	2
47	07	7	2	2	0	1	0	1
47	08	4	4	2	0	0	0	2
47	08	10	2	1	0	1	0	1
47	08	5	3	2	0	0	0	1
47	08	6	3	2	0	0	0	2
47	08	3	4	2	1	0	0	2
47	08	7	2	1	1	1	0	2
47	09	4	3	2	0	0	1	2
47	09	10	1	1	0	1	1	2
47	09	5	4	2	0	0	0	2
47	09	6	3	2	0	0	0	2
47	09	3	4	2	0	0	0	2
47	09	7	2	2	0	1	0	2
47	10	4	2	2	0	0	0	2
47	10	10	1	1	0	1	1	2
47	10	5	2	2	0	0	1	1
47	10	6	3	2	0	0	0	1
47	10	3	3	2	1	0	1	2
47	10	7	3	2	0	1	0	2
47	11	4	3	1	0	0	0	2
47	11	10	2	1	0	1	0	2
47	11	5	1	1	0	0	1	1
47	11	6	4	2	0	0	0	2
47	11	3	4	2	1	0	0	2
47	11	7	3	2	0	0	0	2
48	01	4	3	1	0	0	0	2
48	01	10	3	1	0	0	0	2
48	01	5	4	1	0	0	0	1
48	01	6	3	1	0	0	0	2
48	01	3	4	1	0	0	0	2
48	01	7	2	1	1	1	0	2
48	02	4	3	1	0	0	0	2
48	02	10	3	1	0	0	0	2
48	02	5	4	1	0	0	0	1
48	02	6	4	1	0	0	0	2
48	02	3	4	1	0	0	0	2
48	02	7	3	1	1	1	0	2
48	03	4	4	1	0	0	0	2
48	03	10	3	1	0	0	0	2
48	03	5	4	1	0	0	0	2
48	03	6	4	1	0	0	0	2
48	03	3	4	1	0	0	0	2
48	03	7	3	1	0	1	0	2
48	04	4	3	1	0	0	0	2
48	04	10	3	1	0	0	0	2
48	04	5	3	1	0	0	0	1
48	04	6	3	1	0	0	0	2
48	04	3	2	1	0	0	0	1
48	04	7	3	2	0	0	0	2
48	05	4	4	1	0	0	0	1
48	05	10	3	1	0	0	0	2
48	05	5	3	1	0	0	0	1
48	05	6	4	1	0	0	0	2
48	05	3	4	1	0	0	0	2
48	05	7	3	2	0	0	0	2
48	06	4	4	1	0	0	0	2
48	06	10	3	1	0	0	0	2
48	06	5	4	1	0	0	0	2
48	06	6	4	1	0	0	0	2
48	06	3	4	1	0	0	0	2
48	06	7	3	2	0	0	1	2
48	07	4	3	1	0	0	0	2
48	07	10	3	1	0	0	0	2
48	07	5	4	1	0	0	0	2
48	07	6	4	1	0	0	0	2
48	07	3	5	2	0	0	0	2
48	07	7	4	2	0	0	0	2
48	08	4	3	1	0	0	0	2
48	08	10	3	1	0	0	0	2
48	08	5	4	1	0	0	0	1
48	08	6	4	1	0	0	0	2
48	08	3	4	1	0	0	0	2
48	08	7	4	2	0	0	0	2
48	09	4	2	1	0	0	0	1
48	09	10	3	1	0	0	0	2
48	09	5	2	1	0	0	0	1
48	09	6	3	1	0	0	0	2
48	09	3	3	1	0	0	0	1
48	09	7	3	2	0	0	0	2
48	10	4	3	1	0	0	0	2
48	10	10	3	1	0	0	0	2
48	10	5	5	1	0	0	0	2
48	10	6	3	2	0	0	0	2
48	10	3	4	1	0	0	0	2
48	10	7	3	1	0	0	0	2
48	11	4	4	1	0	0	0	2
48	11	10	3	1	0	0	0	2
48	11	5	5	1	0	0	0	2
48	11	6	3	2	0	0	0	2
48	11	3	5	2	0	0	0	2
48	11	7	4	2	0	0	0	2
48	12	4	3	1	0	0	0	1
48	12	10	3	1	0	0	0	2
48	12	5	3	1	0	0	0	1
48	12	6	2	2	0	0	0	1
48	12	3	3	1	0	0	0	1
48	12	7	3	2	0	1	0	2
48	13	4	4	1	0	0	0	2
48	13	10	3	1	0	0	0	2
48	13	5	5	2	0	0	0	2
48	13	6	3	2	0	0	0	2
48	13	3	4	1	0	0	0	1
48	13	7	3	2	0	0	0	2
48	14	4	3	1	0	1	0	1
48	14	10	3	1	0	0	0	2
48	14	5	1	1	0	0	1	1
48	14	6	1	1	0	0	0	1
48	14	3	2	1	0	0	0	1
48	14	7	2	2	0	0	0	1
49	01	4	3	1	0	0	0	2
49	01	10	3	1	0	0	0	2
49	01	5	4	1	0	0	0	2
49	01	6	4	1	0	0	0	2
49	01	3	5	2	0	0	0	2
49	01	7	3	2	0	1	0	2
49	02	4	2	2	0	0	1	1
49	02	10	3	2	0	0	0	2
49	02	5	5	2	0	0	0	2
49	02	6	3	2	0	0	0	2
49	02	3	4	2	0	0	0	2
49	02	7	3	2	0	1	0	2
49	03	4	4	2	0	0	0	2
49	03	10	4	2	0	0	0	2
49	03	5	5	2	0	0	0	2
49	03	6	4	2	0	0	0	2
49	03	3	5	2	0	0	0	2
49	03	7	4	2	0	0	0	2
49	04	4	4	2	0	0	0	1
49	04	10	4	2	0	0	0	2
49	04	5	2	2	0	0	0	1
49	04	6	2	3	0	0	0	1
49	04	3	3	2	0	0	0	1
49	04	7	2	2	0	1	1	1
49	05	4	4	2	0	1	0	2
49	05	10	5	2	0	0	0	2
49	05	5	4	2	0	0	0	2
49	05	6	3	2	0	0	0	2
49	05	3	5	2	0	0	0	2
49	05	7	3	2	0	0	0	2
49	06	4	3	2	0	0	0	2
49	06	10	5	2	0	0	0	2
49	06	5	4	2	0	0	0	2
49	06	6	3	2	0	0	0	2
49	06	3	5	2	0	0	0	2
49	06	7	4	2	0	0	0	2
49	07	4	4	2	0	0	0	2
49	07	10	5	2	0	0	0	2
49	07	5	5	2	0	0	0	2
49	07	6	3	2	0	0	0	2
49	07	3	5	2	0	0	0	2
49	07	7	4	2	0	0	0	2
49	08	4	4	2	0	0	0	2
49	08	10	4	2	0	0	1	2
49	08	5	5	2	0	0	0	2
49	08	6	3	2	0	0	0	2
49	08	3	4	2	1	0	0	2
49	08	7	4	2	0	0	0	2
49	09	4	3	2	0	1	0	2
49	09	10	4	2	0	0	0	2
49	09	5	3	2	0	0	1	2
49	09	6	3	2	0	0	0	2
49	09	3	5	2	0	0	0	2
49	09	7	4	2	0	0	0	2
49	10	4	3	2	0	0	0	1
49	10	10	5	2	0	0	0	2
49	10	5	4	2	0	0	0	2
49	10	6	2	2	0	0	0	1
49	10	3	4	2	0	0	0	2
49	10	7	2	2	1	1	0	1
49	11	4	3	2	0	0	0	1
49	11	10	5	2	0	0	0	2
49	11	5	4	2	1	0	0	2
49	11	6	2	2	0	0	0	1
49	11	3	2	2	0	0	0	1
49	11	7	3	2	0	1	0	2
49	12	4	3	3	0	0	1	1
49	12	10	4	2	0	0	0	2
49	12	5	5	2	0	0	0	1
49	12	6	2	2	0	0	0	1
49	12	3	5	2	0	0	0	2
49	12	7	3	2	0	0	0	2
49	13	4	2	2	1	1	0	1
49	13	10	4	2	0	0	0	2
49	13	5	4	2	0	0	0	2
49	13	6	3	2	0	0	0	2
49	13	3	4	2	0	0	0	1
49	13	7	4	2	0	0	0	2
50	01	4	4	1	0	0	0	2
50	01	10	3	1	0	0	0	2
50	01	5	4	1	0	0	0	2
50	01	6	4	1	0	0	0	2
50	01	3	5	2	0	0	0	2
50	01	7	4	2	0	0	0	2
50	02	4	4	2	0	0	0	2
50	02	10	3	1	0	0	0	2
50	02	5	3	1	0	0	0	1
50	02	6	3	1	0	0	0	2
50	02	3	5	2	0	0	0	2
50	02	7	4	2	0	0	0	2
50	03	4	3	1	0	0	0	2
50	03	10	2	1	0	1	0	2
50	03	5	3	1	0	1	0	2
50	03	6	4	2	0	0	0	2
50	03	3	4	1	0	1	0	2
50	03	7	5	1	0	0	0	2
50	04	4	4	2	0	0	0	2
50	04	10	3	1	0	0	0	2
50	04	5	4	2	0	0	1	2
50	04	6	4	2	0	0	0	2
50	04	3	5	2	0	0	0	2
50	04	7	3	2	0	0	0	2
50	05	4	4	1	0	1	0	3
50	05	10	4	1	0	0	0	2
50	05	5	4	1	0	0	0	2
50	05	6	4	1	0	0	0	2
50	05	3	5	2	0	0	0	2
50	05	7	4	2	0	0	0	2
50	06	4	4	1	0	0	0	2
50	06	10	4	1	0	0	0	2
50	06	5	3	1	0	0	0	2
50	06	6	4	2	0	0	0	2
50	06	3	5	2	0	0	0	2
50	06	7	5	2	0	0	0	2
50	07	4	4	2	0	0	0	2
50	07	10	4	1	0	0	0	2
50	07	5	5	2	0	0	0	2
50	07	6	5	2	0	0	0	2
50	07	3	5	2	0	0	0	2
50	07	7	5	2	0	0	0	2
50	08	4	3	1	0	0	0	2
50	08	10	4	1	0	0	0	2
50	08	5	3	1	0	0	1	2
50	08	6	4	2	0	0	0	2
50	08	3	4	2	0	0	1	2
50	08	7	5	2	0	0	0	2
50	09	4	3	1	0	0	1	3
50	09	10	3	1	0	0	1	2
50	09	5	4	2	0	0	0	2
50	09	6	3	2	0	0	0	1
50	09	3	4	2	0	0	0	1
50	09	7	4	2	0	0	0	2
50	10	4	2	1	0	0	0	1
50	10	10	3	1	0	0	1	2
50	10	5	3	1	0	0	0	1
50	10	6	2	2	0	0	0	1
50	10	3	3	1	0	0	1	2
50	10	7	4	1	0	0	0	2
50	11	4	3	2	0	0	1	1
50	11	10	2	1	1	0	1	2
50	11	5	2	1	1	0	0	1
50	11	6	3	2	0	0	0	2
50	11	3	3	1	0	0	1	2
50	11	7	4	1	0	0	0	2
51	01	4	3	1	0	1	0	3
51	01	10	3	1	0	0	0	2
51	01	5	3	1	1	0	0	2
51	01	6	3	1	0	0	0	2
51	01	3	4	1	0	1	0	2
51	01	7	4	2	0	0	0	2
51	02	4	4	2	0	0	0	2
51	02	10	4	1	0	0	0	2
51	02	5	3	1	0	0	0	1
51	02	6	3	1	0	0	0	2
51	02	3	4	1	0	0	0	2
51	02	7	4	2	0	0	0	2
51	03	4	2	1	1	1	0	1
51	03	10	2	1	0	1	1	2
51	03	5	1	1	0	1	0	1
51	03	6	1	1	0	0	0	1
51	03	3	2	1	0	1	1	2
51	03	7	2	1	1	1	0	2
51	04	4	4	2	0	0	0	2
51	04	10	3	1	0	0	1	1
51	04	5	4	1	0	0	0	2
51	04	6	3	2	0	0	0	2
51	04	3	4	2	0	0	0	2
51	04	7	4	2	0	0	0	2
51	05	4	3	1	0	0	0	2
51	05	10	3	1	0	0	0	2
51	05	5	2	1	0	0	1	3
51	05	6	3	2	0	0	0	2
51	05	3	4	2	0	0	0	2
51	05	7	4	2	0	0	0	2
51	06	4	3	2	0	0	0	1
51	06	10	2	1	0	0	1	1
51	06	5	2	1	0	0	1	1
51	06	6	2	2	0	0	0	1
51	06	3	2	2	0	0	0	1
51	06	7	3	2	0	1	0	2
51	07	4	4	2	0	0	0	1
51	07	10	3	1	0	0	0	2
51	07	5	3	1	0	0	0	2
51	07	6	3	2	0	0	0	2
51	07	3	4	1	0	0	0	2
51	07	7	3	2	0	0	0	2
51	08	4	3	2	0	0	0	2
51	08	10	4	1	0	0	0	2
51	08	5	5	1	0	0	0	2
51	08	6	4	2	0	0	0	2
51	08	3	5	2	0	0	0	2
51	08	7	5	2	0	0	0	2
51	09	4	4	2	0	0	0	2
51	09	10	3	1	0	1	0	2
51	09	5	3	1	0	1	0	2
51	09	6	4	2	0	0	0	2
51	09	3	4	2	0	1	0	2
51	09	7	4	2	0	0	0	2
51	10	4	5	2	0	0	0	2
51	10	10	4	1	0	0	0	2
51	10	5	3	1	0	0	1	1
51	10	6	4	2	0	0	0	2
51	10	3	5	2	0	0	0	2
51	10	7	5	2	0	0	0	2
51	11	4	4	2	0	0	0	1
51	11	10	4	1	0	0	0	2
51	11	5	4	2	0	0	0	2
51	11	6	2	2	0	0	0	2
51	11	3	3	2	0	0	0	1
51	11	7	4	2	0	0	0	2
51	12	4	3	1	0	0	0	2
51	12	10	2	1	0	0	1	3
51	12	5	3	1	0	0	0	1
51	12	6	2	2	0	0	0	1
51	12	3	4	1	0	0	0	2
51	12	7	4	2	0	0	0	2
51	13	4	4	2	0	1	0	2
51	13	10	3	1	0	0	0	1
51	13	5	4	1	0	0	0	2
51	13	6	2	2	0	0	1	2
51	13	3	3	2	0	0	0	1
51	13	7	3	2	0	0	0	2
51	14	4	3	1	0	0	0	2
51	14	10	4	1	0	0	0	2
51	14	5	3	2	1	0	0	2
51	14	6	3	2	0	0	0	2
51	14	3	5	2	0	0	0	2
51	14	7	4	2	0	0	0	2
51	14	0	3	2	0	0	1	1
51	15	4	3	1	0	0	0	1
51	15	10	4	1	0	0	0	2
51	15	5	4	1	0	0	0	1
51	15	6	2	2	0	0	1	1
51	15	3	3	2	1	0	0	1
51	15	7	3	2	0	0	0	2
51	16	4	3	1	0	0	0	1
51	16	10	3	1	0	0	1	2
51	16	5	3	2	0	0	0	2
51	16	6	2	2	0	0	1	2
51	16	3	4	2	0	0	0	2
51	16	7	4	2	0	0	0	2
52	01	4	2	2	0	1	0	2
52	01	10	4	1	0	0	0	2
52	01	5	3	1	1	0	0	1
52	01	6	3	2	0	0	0	2
52	01	3	4	2	1	0	0	2
52	01	7	4	2	0	0	0	2
52	02	4	3	2	0	0	0	1
52	02	10	5	2	0	0	0	2
52	02	5	4	1	0	0	0	2
52	02	6	3	2	0	0	0	2
52	02	3	2	2	0	1	0	1
52	02	7	4	2	0	0	0	2
52	03	4	3	2	0	0	0	1
52	03	10	4	2	0	0	1	2
52	03	5	4	2	0	0	0	1
52	03	6	2	3	0	0	0	2
52	03	3	2	2	0	0	0	1
52	03	7	2	2	1	1	0	2
52	04	4	3	2	0	0	0	1
52	04	10	4	2	0	1	0	2
52	04	5	3	2	0	0	0	1
52	04	6	2	3	0	0	0	2
52	04	3	4	2	0	0	0	1
52	04	7	1	2	1	1	0	1
52	05	4	2	2	0	0	1	1
52	05	10	4	2	0	0	0	2
52	05	5	4	2	0	0	0	1
52	05	6	2	3	0	0	0	2
52	05	3	4	2	0	0	0	1
52	05	7	1	1	0	0	0	1
52	06	4	3	2	0	0	0	1
52	06	10	4	2	0	0	0	2
52	06	5	3	2	0	0	0	1
52	06	6	1	3	0	0	1	2
52	06	3	2	2	0	0	0	1
52	06	7	1	2	1	1	1	1
52	07	4	5	2	0	0	0	2
52	07	10	5	2	0	0	0	2
52	07	5	5	2	0	0	0	2
52	07	6	4	2	0	0	0	2
52	07	3	5	2	0	0	0	2
52	07	7	4	2	0	0	0	2
52	08	4	5	2	0	0	0	2
52	08	10	5	2	0	0	0	2
52	08	5	5	2	0	0	0	2
52	08	6	3	2	0	0	0	2
52	08	3	5	2	0	0	0	2
52	08	7	4	2	0	0	0	2
52	09	4	4	2	0	0	0	2
52	09	10	5	2	0	0	0	2
52	09	5	5	2	0	0	0	2
52	09	6	3	2	0	0	0	2
52	09	3	4	2	0	0	0	1
52	09	7	4	2	0	0	0	2
52	10	4	4	2	0	0	0	2
52	10	10	5	2	0	0	0	2
52	10	5	3	2	0	0	1	1
52	10	6	2	2	0	0	0	2
52	10	3	3	2	0	0	0	1
52	10	7	3	2	0	1	0	2
52	11	4	5	2	0	0	0	2
52	11	10	5	2	0	0	0	2
52	11	5	3	2	0	0	1	2
52	11	6	2	2	0	0	1	2
52	11	3	5	2	0	0	0	1
52	11	7	4	2	0	0	0	2
52	12	4	5	2	0	0	0	2
52	12	10	5	2	0	0	0	2
52	12	5	5	2	0	0	0	2
52	12	6	4	2	0	0	0	2
52	12	3	5	2	0	0	0	2
52	12	7	3	2	0	0	0	2
52	13	4	2	2	0	0	1	1
52	13	10	4	2	0	0	0	2
52	13	5	4	2	0	0	0	1
52	13	6	2	2	0	0	1	2
52	13	3	4	2	0	0	0	2
52	13	7	2	2	0	0	0	2
52	14	4	3	2	0	0	0	1
52	14	10	4	2	0	0	0	2
52	14	5	5	2	0	0	0	2
52	14	6	2	2	0	0	0	2
52	14	3	2	2	0	0	0	1
52	14	7	3	2	0	0	0	2
